"start" "stop"
5350551 5350651
5350678 5350778
5352049 5352149
5354436 5354536
5354460 5354560
5411129 5411229
5803456 5803556
5951247 5951347
5959330 5959430
6067870 6067970
6139183 6139283
7299854 7299954
7300067 7300167
7333796 7333896
7368596 7368696
7431948 7432048
7669252 7669352
7700725 7700825
7918524 7918624
7921906 7922006
7921914 7922014
7922404 7922504
7922405 7922505
7922412 7922512
7960957 7961057
7961638 7961738
7961642 7961742
8348555 8348655
8924643 8924743
8924659 8924759
8930653 8930753
8930701 8930801
8930703 8930803
8931865 8931965
9006808 9006908
9006812 9006912
9007917 9008017
9008009 9008109
9082861 9082961
9220374 9220474
9669626 9669726
9960880 9960980
10038170 10038270
10624333 10624433
10659924 10660024
10659994 10660094
10663582 10663682
10663602 10663702
10770586 10770686
10770596 10770696
10774889 10774989
10781822 10781922
10783519 10783619
10974986 10975086
10975017 10975117
10975019 10975119
11048147 11048247
11048241 11048341
11130838 11130938
11391294 11391394
11558470 11558570
11558479 11558579
11558491 11558591
11558531 11558631
11700459 11700559
11700512 11700612
11700551 11700651
11700565 11700665
11708975 11709075
11716073 11716173
11716159 11716259
11716309 11716409
11716336 11716436
11717190 11717290
11717198 11717298
11717200 11717300
11717233 11717333
11729932 11730032
11729972 11730072
11730086 11730186
11730132 11730232
11737756 11737856
11798361 11798461
11799134 11799234
11807869 11807969
11808248 11808348
11808263 11808363
11852212 11852312
11852234 11852334
11852891 11852991
12285870 12285970
12285871 12285971
12286080 12286180
12288205 12288305
12288207 12288307
12453248 12453348
12825329 12825429
12826889 12826989
13228519 13228619
13228544 13228644
13274900 13275000
13275073 13275173
13276487 13276587
13278282 13278382
13890756 13890856
13890766 13890866
14852936 14853036
14853618 14853718
14853684 14853784
14853915 14854015
14998116 14998216
15086924 15087024
15086933 15087033
15208635 15208735
16180537 16180637
16181431 16181531
16181691 16181791
16196844 16196944
16514859 16514959
16927910 16928010
17386126 17386226
17386566 17386666
17392461 17392561
17396289 17396389
17396300 17396400
17396365 17396465
17397786 17397886
17400838 17400938
17400840 17400940
17400845 17400945
17400858 17400958
17756570 17756670
17758722 17758822
17965931 17966031
17994047 17994147
18100538 18100638
18102362 18102462
18528107 18528207
18756177 18756277
18758950 18759050
18916948 18917048
18916953 18917053
18916978 18917078
18916986 18917086
19050012 19050112
19078392 19078492
19079865 19079965
19175281 19175381
19193134 19193234
19198446 19198546
19198557 19198657
19198561 19198661
19198605 19198705
19198652 19198752
19199756 19199856
19205453 19205553
19205536 19205636
19205844 19205944
19205853 19205953
20123260 20123360
20123298 20123398
20182573 20182673
21255345 21255445
21269091 21269191
21390803 21390903
21390855 21390955
21390862 21390962
21594364 21594464
21600281 21600381
21693583 21693683
21734455 21734555
21789109 21789209
21789140 21789240
21837547 21837647
21880561 21880661
22072561 22072661
22081156 22081256
22081267 22081367
22081311 22081411
22370561 22370661
22370572 22370672
22382485 22382585
22386578 22386678
22891881 22891981
22892338 22892438
22892506 22892606
22939411 22939511
22939441 22939541
22953185 22953285
22953722 22953822
22962848 22962948
22964833 22964933
22964869 22964969
23058181 23058281
23058430 23058530
23058439 23058539
23093650 23093750
23188293 23188393
23410750 23410850
23426418 23426518
23442240 23442340
23444835 23444935
23445650 23445750
23533411 23533511
23548431 23548531
23549892 23549992
23655567 23655667
23655604 23655704
23660820 23660920
23670378 23670478
23675779 23675879
23707697 23707797
23707748 23707848
23707931 23708031
23707935 23708035
23719552 23719652
23775243 23775343
23775355 23775455
23801054 23801154
23801415 23801515
23801446 23801546
23804607 23804707
23804617 23804717
23816296 23816396
23846481 23846581
23957447 23957547
23984421 23984521
24031232 24031332
24040631 24040731
24166685 24166785
24217563 24217663
24263040 24263140
24382080 24382180
24484375 24484475
24510363 24510463
24510719 24510819
24540468 24540568
24581513 24581613
24581528 24581628
24622388 24622488
24680622 24680722
25194427 25194527
25204090 25204190
25449424 25449524
25495295 25495395
25495305 25495405
25515058 25515158
25516103 25516203
25516125 25516225
25527424 25527524
25527429 25527529
25536029 25536129
25536173 25536273
25536694 25536794
25536737 25536837
25568192 25568292
25582526 25582626
25607193 25607293
25643312 25643412
25761851 25761951
25902691 25902791
25902695 25902795
25945264 25945364
25945320 25945420
25945321 25945421
25958511 25958611
25959976 25960076
25983268 25983368
25985509 25985609
25986816 25986916
25992497 25992597
26017751 26017851
26018368 26018468
26019516 26019616
26072099 26072199
26072126 26072226
26078730 26078830
26086639 26086739
26095147 26095247
26261636 26261736
26261644 26261744
26261666 26261766
26261667 26261767
26266478 26266578
26290464 26290564
26308597 26308697
26336252 26336352
26336291 26336391
26336294 26336394
26338147 26338247
26349592 26349692
26352368 26352468
26377977 26378077
26554609 26554709
26556938 26557038
26556996 26557096
26572195 26572295
26572772 26572872
26574721 26574821
26599236 26599336
26611588 26611688
26664031 26664131
26706356 26706456
27069871 27069971
27076404 27076504
27152976 27153076
27158066 27158166
27166643 27166743
27169296 27169396
27172741 27172841
27172771 27172871
27172991 27173091
27173012 27173112
27173042 27173142
27191278 27191378
27191411 27191511
27229242 27229342
27249609 27249709
27317791 27317891
27331481 27331581
27332811 27332911
27332812 27332912
27333527 27333627
27334137 27334237
27422552 27422652
27428160 27428260
27448340 27448440
27449895 27449995
27466735 27466835
27466765 27466865
27472113 27472213
27503286 27503386
27513114 27513214
27513125 27513225
27513227 27513327
27513237 27513337
27563296 27563396
27604262 27604362
27605851 27605951
27616274 27616374
27648995 27649095
27652464 27652564
27657834 27657934
27660757 27660857
27661878 27661978
27668149 27668249
27668353 27668453
27681860 27681960
27701390 27701490
27746229 27746329
27775098 27775198
27810672 27810772
27814927 27815027
30732750 30732850
30801973 30802073
30807357 30807457
30880475 30880575
30884705 30884805
30914879 30914979
30950464 30950564
30956204 30956304
30956783 30956883
31087046 31087146
31152196 31152296
31158932 31159032
31171229 31171329
31194890 31194990
31194935 31195035
31195511 31195611
31205054 31205154
31205070 31205170
31255843 31255943
31262670 31262770
31362783 31362883
31362808 31362908
31365379 31365479
31370761 31370861
31388010 31388110
31397947 31398047
31508722 31508822
31515540 31515640
31533831 31533931
31533832 31533932
31533933 31534033
31589323 31589423
31590307 31590407
31608083 31608183
31659400 31659500
31669542 31669642
31674957 31675057
31678245 31678345
31678451 31678551
31684124 31684224
31718791 31718891
31751717 31751817
31751813 31751913
31753478 31753578
31782080 31782180
31782089 31782189
31785622 31785722
31789376 31789476
