27643909,1032,184,  13 4 11 0 0 11 17,
27647443,1379,182,  7 4 8 0 0 5 18,
27659801,1313,214,  12 6 10 0 0 6 17,
27674754,1024,154,  14 0 6 0 0 10 18,
27691702,1004,178,  9 0 15 0 0 5 13,
27705099,1485,181,  13 0 6 0 0 10 14,
27705905,1620,271,  8 0 12 0 0 11 16,
27705922,1545,271,  7 0 9 0 0 10 23,
27705998,1554,242,  0 0 19 0 0 0 0,
27739292,1062,197,  9 4 11 0 0 7 14,
27744053,883,144,  8 0 5 0 0 6 12,
27744063,872,154,  7 0 4 0 0 7 14,
27752667,1095,187,  9 0 13 0 0 5 15,
27752676,1022,147,  6 0 9 0 0 6 17,
27752677,998,170,  11 0 11 0 0 6 18,
27772463,1318,99,  6 0 8 0 0 5 8,
27789932,1060,184,  14 0 7 0 4 12 13,
27808390,950,171,  5 5 7 0 0 4 15,
27812891,965,167,  9 0 11 0 0 8 12,
27838586,1223,134,  5 0 10 0 0 7 12,
27838598,1188,127,  4 0 10 0 0 7 11,
27838610,1134,166,  6 0 12 0 0 8 12,
27839307,882,136,  6 0 7 0 0 7 7,
27839313,743,136,  7 0 6 0 0 10 6,
27848971,1101,192,  7 0 7 0 0 9 18,
27909267,1223,214,  9 0 13 0 0 8 18,
27918064,1127,196,  12 4 14 0 0 6 30,
27919568,1052,222,  10 0 19 0 0 11 19,
27926425,1131,170,  9 0 8 0 0 8 13,
27926445,1208,143,  8 0 8 0 0 8 11,
27933791,903,178,  11 0 16 0 0 6 19,
27943967,852,175,  10 0 7 0 0 9 20,
27992008,1538,260,  18 0 19 0 0 9 19,
27992041,1561,254,  21 0 13 0 0 12 21,
28037348,1061,191,  9 4 12 0 0 7 17,
28044993,1465,146,  6 0 5 0 0 7 12,
28075201,1445,231,  6 0 15 0 0 9 13,
28075208,1112,227,  7 0 16 0 0 8 13,
28103607,1067,188,  10 5 9 0 0 8 15,
28127582,970,178,  10 4 10 0 0 5 12,
28136275,1035,190,  6 5 11 0 0 12 21,
28141519,962,386,  14 4 21 0 4 19 30,
28196066,1312,178,  12 0 9 0 0 9 15,
28258081,1180,136,  0 0 10 0 0 0 0,
28258234,1407,139,  0 0 13 0 0 0 0,
28258254,1386,145,  0 0 10 0 0 0 0,
28258440,1526,111,  0 0 6 0 0 0 0,
28283394,1177,158,  8 0 5 0 0 4 20,
28284322,1171,188,  8 4 12 0 0 6 19,
28296806,999,237,  14 4 14 0 0 13 18,
28355051,1608,195,  11 0 11 0 0 9 9,
28355054,1581,193,  12 0 12 0 0 8 9,
28379005,1328,143,  7 0 6 0 0 5 13,
28410288,1427,203,  7 0 17 0 0 12 20,
28421927,850,154,  7 6 6 0 0 7 9,
28431704,835,169,  12 0 9 0 0 12 11,
28499249,1393,178,  11 0 7 0 0 7 16,
28512155,1024,167,  12 0 12 0 0 8 19,
28524844,1705,155,  13 0 14 0 0 7 16,
28531280,1255,175,  13 0 10 0 0 9 20,
28586752,968,206,  15 4 9 0 0 15 13,
28606359,876,173,  11 4 7 0 0 9 14,
28640692,1426,158,  8 0 9 0 0 5 12,
28662535,1047,210,  12 6 10 0 0 9 18,
28726994,1151,209,  10 0 12 0 0 13 25,
28727008,1286,177,  7 0 6 0 0 11 22,
28727017,1249,216,  10 0 12 0 0 11 25,
28727022,1254,181,  10 0 9 0 0 9 19,
28727055,1297,189,  9 0 14 0 0 9 15,
28727065,1255,152,  8 0 10 0 0 10 14,
28787906,1042,180,  9 0 7 0 0 7 18,
28798886,1327,225,  11 0 13 0 0 10 21,
28798897,1314,211,  9 0 10 0 0 5 18,
28798905,1249,227,  9 0 13 0 0 6 19,
28798952,1114,151,  0 0 9 0 0 0 0,
28798953,1355,139,  0 0 9 0 0 0 0,
28807277,914,141,  8 0 7 0 0 10 12,
28807318,892,140,  9 0 8 0 0 15 13,
28830550,1514,219,  8 5 9 0 0 6 14,
28830581,1767,210,  16 5 9 0 0 6 14,
28830624,1786,203,  16 6 8 0 0 4 11,
28852238,990,196,  17 0 13 0 0 11 13,
28900303,957,180,  9 0 8 0 0 5 14,
28907982,1420,221,  7 0 10 0 0 8 15,
28913196,911,184,  8 0 12 0 0 9 15,
28932962,1030,135,  0 0 15 0 0 0 0,
28961160,1074,199,  10 4 9 0 4 11 19,
28974073,1434,173,  11 0 13 0 0 8 10,
28981276,1029,201,  8 4 6 0 0 6 18,
28983917,944,208,  4 0 9 0 0 13 17,
28995363,1218,96,  5 0 6 0 0 7 5,
28995364,1203,91,  5 0 6 0 0 8 5,
28995381,1186,113,  9 0 7 0 0 7 8,
29031663,1426,218,  16 0 7 0 0 4 18,
29033651,619,166,  12 0 8 0 0 10 17,
29060316,942,198,  16 0 11 0 0 11 17,
29064281,1203,188,  5 0 11 0 0 7 24,
29065294,1121,192,  8 4 11 0 0 14 20,
29065367,948,209,  9 4 11 0 0 14 21,
29065379,1136,203,  9 4 9 0 0 13 27,
29065975,1256,244,  10 0 11 0 0 12 23,
29066285,956,194,  5 4 6 0 0 10 22,
29067396,1500,167,  9 4 7 0 0 6 7,
29081369,1190,188,  6 0 11 0 0 12 18,
29092149,817,153,  7 5 4 0 0 9 17,
29098067,814,177,  9 5 15 0 0 11 12,
29101851,1031,215,  12 4 14 0 0 5 17,
29111442,1051,173,  9 5 10 0 0 6 13,
29113460,817,173,  5 0 10 0 0 6 19,
29113468,949,168,  4 0 7 0 0 6 16,
29129188,1163,228,  11 0 8 0 0 8 19,
29154340,1489,213,  10 0 8 0 0 6 8,
29154472,1675,234,  8 0 9 0 0 7 7,
29173958,800,156,  8 0 5 0 0 5 20,
29177210,1003,163,  12 7 7 0 0 8 11,
29187815,1127,223,  14 5 12 0 0 9 21,
29189073,782,168,  5 0 9 0 0 15 12,
29190295,743,173,  7 4 7 0 0 12 16,
29222102,1139,182,  6 0 6 0 0 10 19,
29240524,1759,144,  0 0 8 0 0 0 5,
29241244,1553,173,  0 0 5 0 0 0 0,
29297982,1533,226,  17 0 13 0 0 12 22,
29301665,1083,208,  8 4 11 0 0 12 16,
29325858,1015,198,  6 0 16 0 0 10 17,
29330407,1047,171,  0 0 11 0 0 8 10,
29333256,844,203,  10 0 12 0 0 11 20,
29351173,1015,184,  13 4 13 0 0 10 6,
29371327,947,146,  6 0 5 0 0 7 15,
29373987,1100,183,  12 4 10 0 0 8 15,
29374036,1178,190,  6 4 11 0 0 8 19,
29374041,1204,204,  8 4 10 0 0 8 18,
29377950,1494,179,  0 0 9 0 0 0 0,
29378000,1316,207,  0 0 11 0 0 0 0,
29378008,1434,207,  0 0 11 0 0 0 0,
29385697,854,175,  11 0 9 0 0 9 9,
29388007,1245,223,  15 0 9 0 0 17 20,
29388008,1260,227,  16 0 8 0 0 15 21,
29391292,1032,192,  9 0 15 0 0 11 10,
29392283,1369,291,  17 0 8 0 0 10 26,
29401960,771,160,  12 0 6 0 0 6 14,
29414269,1012,178,  9 0 11 0 0 10 18,
29423079,1082,176,  11 5 12 0 0 10 15,
29425131,1185,176,  4 0 9 0 0 8 17,
29431768,811,195,  12 0 9 0 0 16 17,
29448999,833,173,  10 4 12 0 0 9 12,
29449366,1011,160,  10 4 8 0 0 12 18,
29451898,1594,218,  4 0 5 0 0 9 18,
29451902,1710,221,  4 0 5 0 0 8 20,
29452479,1782,224,  4 0 14 0 0 5 7,
29452634,1657,208,  0 0 8 0 0 4 8,
29458177,861,174,  12 4 16 0 0 10 19,
29476588,993,181,  11 5 14 0 0 8 22,
29476638,1009,170,  7 5 15 0 0 8 12,
29479378,1087,132,  10 0 8 0 0 8 5,
29479394,969,144,  11 0 9 0 0 7 7,
29493019,869,144,  6 0 7 0 0 9 9,
29495043,1315,132,  7 0 9 0 0 6 16,
29495063,1418,129,  4 0 8 0 0 5 13,
29506823,962,209,  9 0 20 0 0 14 16,
29506829,1010,188,  11 0 19 0 0 11 15,
29518749,1502,168,  0 0 10 0 0 0 0,
29521362,766,134,  7 4 11 0 0 8 7,
29521406,742,141,  6 4 12 0 0 9 8,
29525631,859,151,  5 0 9 0 0 10 15,
29525632,890,144,  4 0 9 0 0 9 14,
29532342,942,178,  10 0 10 0 0 12 14,
29540858,905,138,  5 6 9 0 0 6 12,
29574300,996,162,  11 0 7 0 0 5 16,
29574336,1025,186,  9 0 7 0 0 4 17,
29574367,954,183,  10 0 7 0 0 5 22,
29576834,1427,244,  8 0 9 0 0 11 21,
29576863,1390,214,  8 0 13 0 0 4 21,
29592566,985,222,  18 0 8 0 0 15 14,
29598785,981,197,  13 5 11 0 0 13 16,
29600258,1276,210,  9 0 10 0 0 7 21,
29613046,802,163,  12 5 14 0 0 9 6,
29614933,824,97,  0 0 7 0 0 0 0,
29617752,1401,225,  8 0 13 0 0 6 11,
29625672,1329,235,  13 0 9 0 0 14 13,
29636555,1556,275,  14 4 17 0 0 10 21,
29668880,1931,272,  11 0 15 0 0 5 23,
29668927,1885,231,  12 0 11 0 0 7 17,
29668931,2013,227,  12 0 11 0 0 7 13,
29668937,2012,225,  10 0 11 0 0 6 14,
29723610,1478,180,  0 0 14 0 0 6 7,
29728984,1212,139,  0 0 12 0 0 0 0,
29729002,1009,127,  0 0 10 0 0 0 0,
29729011,1202,119,  0 0 10 0 0 0 0,
29735503,701,208,  8 4 8 0 0 11 16,
29747366,1514,254,  16 0 11 0 0 4 23,
29747498,1270,215,  0 0 16 0 0 0 0,
29747501,1292,218,  0 0 14 0 0 0 0,
29778181,1524,195,  11 0 7 0 0 8 13,
29789717,1051,172,  11 4 14 0 0 5 14,
29806650,966,123,  0 0 10 0 0 0 0,
29812547,1676,190,  13 0 8 0 0 8 21,
29828352,1751,180,  8 0 8 0 0 7 18,
29831434,1003,202,  8 0 9 0 0 7 18,
29836122,710,189,  9 5 15 0 0 10 12,
29836142,738,178,  10 5 13 0 0 7 13,
29836157,750,164,  8 5 10 0 0 10 14,
29850230,977,243,  8 0 21 0 0 11 24,
29853683,1670,248,  0 0 13 0 0 0 0,
29854013,1340,236,  10 0 14 0 0 0 9,
29854067,1588,182,  9 0 14 0 0 4 10,
29854122,1460,228,  5 0 14 0 0 5 13,
29854151,1478,209,  7 0 11 0 0 4 15,
29856169,993,128,  6 0 9 0 0 6 8,
29859331,1039,222,  12 0 13 0 0 7 20,
29861029,942,168,  5 0 10 0 0 15 16,
29911928,1916,318,  14 0 18 0 0 10 19,
29925371,1097,198,  12 5 17 0 0 8 14,
29925393,1049,172,  11 5 16 0 0 5 12,
29934868,1080,200,  8 0 10 0 0 10 12,
29942605,998,150,  8 4 12 0 0 6 11,
29944386,867,191,  8 5 7 0 0 10 16,
29944701,853,156,  5 0 4 0 0 12 13,
29951041,894,157,  9 0 9 0 0 12 10,
29951515,894,187,  9 0 14 0 0 14 18,
29986628,1309,118,  0 0 4 0 0 5 6,
29996148,1427,190,  10 0 11 0 0 12 17,
29996693,1117,158,  7 0 16 0 0 6 21,
30009132,851,162,  6 4 7 0 0 11 11,
30010023,1169,205,  18 4 13 0 7 7 16,
30072367,1392,244,  11 0 10 0 0 10 15,
30074177,847,167,  11 4 8 0 0 7 14,
30079791,968,189,  8 0 9 0 0 7 14,
30082047,868,107,  10 0 6 0 0 6 13,
30088838,1877,243,  15 4 11 0 0 7 10,
30089283,1495,260,  16 4 11 0 0 7 17,
30089458,1484,241,  11 0 5 0 0 17 19,
30089469,1280,241,  14 0 5 0 0 14 17,
30089470,1293,229,  14 0 5 0 0 14 16,
30108011,1434,189,  8 4 15 0 0 12 8,
30110865,800,182,  11 0 9 0 0 8 20,
30134711,1401,187,  8 0 12 0 0 9 17,
30140085,781,207,  11 5 20 0 0 14 16,
30140110,940,207,  8 4 20 0 0 11 15,
30141034,1048,184,  10 0 12 0 0 6 13,
30147894,1289,137,  6 0 4 0 0 0 0,
30174334,1091,238,  17 0 11 0 0 8 21,
30187075,911,201,  8 0 15 0 0 8 24,
30187153,982,207,  9 0 14 0 0 8 25,
30187174,1047,207,  10 0 17 0 0 5 27,
30198359,1289,246,  7 5 15 0 0 12 25,
30207534,1322,196,  9 0 12 0 0 8 10,
30207563,1249,185,  6 0 12 0 0 7 7,
30232720,1230,183,  5 0 7 0 0 15 9,
30232721,1157,200,  6 0 10 0 0 15 9,
30250416,1028,165,  6 0 10 0 0 18 15,
30292066,1344,216,  7 0 14 0 0 15 12,
30304342,1138,190,  11 4 10 0 0 13 15,
30310721,1298,213,  12 0 11 0 0 10 21,
30310742,1317,223,  14 0 14 0 0 12 16,
30312867,910,191,  9 6 12 0 0 8 14,
30314394,1179,203,  11 0 16 0 0 14 17,
30324132,857,159,  12 0 11 0 0 12 10,
30326064,870,196,  17 0 8 0 0 6 22,
30326099,978,190,  17 0 7 0 0 7 17,
30350592,1128,190,  6 0 16 0 0 4 10,
30355603,1339,211,  10 4 13 0 0 10 11,
30398776,1384,255,  12 0 14 0 0 6 21,
30399057,1366,206,  17 0 7 0 0 11 17,
30399078,1594,214,  10 0 11 0 0 7 18,
30426985,772,142,  8 0 6 0 0 4 12,
30428180,790,167,  10 0 7 0 0 7 9,
30446480,927,176,  5 0 12 0 0 9 11,
30470245,819,127,  10 0 7 0 0 7 9,
30479754,1526,116,  0 0 8 0 0 0 0,
30482109,930,185,  10 4 6 0 0 10 14,
30486750,991,200,  11 4 19 0 0 5 16,
30496262,1684,199,  7 0 5 0 0 7 15,
30512205,1647,249,  8 0 11 0 0 9 7,
30515151,1175,171,  0 0 14 0 0 0 0,
30519820,1473,144,  10 0 8 0 0 4 11,
30519825,1513,150,  9 0 7 0 0 4 12,
30557888,1205,241,  16 0 10 0 0 15 23,
30583633,1147,159,  0 0 9 0 0 7 6,
30589575,860,153,  8 0 7 0 0 10 9,
30643439,969,222,  17 0 9 0 0 7 13,
30648868,1414,243,  10 0 9 0 0 9 14,
30685382,734,107,  4 4 7 0 0 5 10,
30707715,1181,135,  6 0 6 0 0 4 7,
30728336,1257,200,  17 4 10 0 0 5 19,
30733971,910,199,  6 0 13 0 0 7 18,
30741303,847,130,  8 0 9 0 0 5 13,
30741305,792,145,  8 0 10 0 0 6 14,
30758667,914,149,  6 0 9 0 0 9 13,
30777063,610,135,  10 0 13 0 0 7 11,
30781558,704,128,  6 6 5 0 0 6 11,
30782161,602,148,  6 0 7 0 0 10 5,
31088119,711,141,  14 0 7 0 0 6 10,
31090185,838,187,  6 0 8 0 0 5 11,
31163257,1216,238,  11 0 15 0 0 8 13,
31163543,897,178,  10 0 9 0 0 11 9,
31166196,1339,281,  9 5 8 0 0 12 18,
31171196,1048,221,  12 4 12 0 0 9 18,
31172467,747,169,  8 4 8 0 0 4 11,
31194575,1122,218,  13 0 15 0 0 8 14,
31196826,881,166,  10 4 6 0 0 11 17,
31210573,953,203,  10 0 8 0 0 11 15,
31226025,901,141,  9 0 7 0 0 6 4,
31251737,761,203,  7 5 8 0 0 12 10,
31261788,983,216,  16 0 10 0 0 12 11,
31261832,975,182,  12 0 9 0 0 11 10,
31265838,850,192,  14 0 11 0 0 7 13,
31266495,1043,231,  13 0 13 0 0 13 17,
31294732,1349,244,  10 0 12 0 0 10 18,
31294736,1499,254,  11 0 13 0 0 12 18,
31294763,1350,256,  8 0 15 0 0 10 19,
31294790,1509,260,  10 0 11 0 0 8 22,
31296414,1064,193,  7 0 8 0 0 7 9,
31309121,1583,216,  0 0 17 0 0 6 11,
31311671,1570,307,  7 0 19 0 0 14 19,
31314788,836,169,  8 6 10 0 0 10 15,
31341258,993,175,  12 4 9 0 0 5 13,
31341259,987,180,  12 4 8 0 0 4 14,
31347843,843,154,  6 0 6 0 0 6 11,
31349853,1173,142,  11 0 11 0 0 6 15,
31361139,912,181,  6 0 12 0 0 4 17,
31399370,992,171,  7 5 14 0 0 9 12,
31416466,980,187,  10 0 7 0 0 5 14,
31417422,1059,206,  18 0 8 0 0 9 20,
31417425,1035,209,  18 0 10 0 0 11 20,
31453252,832,206,  9 0 15 0 0 13 14,
31455748,815,165,  9 0 7 0 0 9 12,
31455749,851,168,  8 0 10 0 0 9 12,
31459441,880,171,  10 0 8 0 0 4 17,
31504802,1208,172,  0 0 14 0 0 0 0,
31595024,1134,223,  10 0 10 0 0 5 7,
31615836,1585,233,  5 0 11 0 0 10 15,
31615844,1553,290,  8 0 14 0 0 12 19,
31615858,1555,292,  8 0 16 0 0 10 16,
31615869,1499,307,  9 0 15 0 0 10 14,
31633533,917,191,  6 0 6 0 0 15 14,
31640141,1650,220,  16 0 15 0 0 6 12,
31640146,1582,197,  13 0 13 0 0 5 11,
31640158,1651,181,  11 0 11 0 0 4 7,
31640167,1386,175,  11 0 11 0 0 5 7,
31652467,658,149,  7 0 8 0 0 7 4,
31696103,945,194,  11 0 11 0 0 9 13,
31698187,1188,247,  11 0 15 0 0 11 14,
31714028,1071,392,  102 9 11 0 0 73 89,
31716063,869,213,  52 7 11 0 0 24 45,
31734938,1075,274,  13 0 10 0 0 13 12,
31748949,936,140,  10 4 9 0 0 8 10,
31769703,870,213,  7 0 7 0 0 14 16,
31771869,929,217,  9 0 13 0 0 8 19,
31771912,910,186,  5 0 12 0 0 11 14,
31792921,1321,249,  8 0 8 0 0 13 10,
31794647,1330,183,  7 0 10 0 0 8 14,
31812975,1333,284,  17 0 12 0 0 8 16,
31815133,987,267,  9 5 17 0 4 15 6,
31824063,1056,199,  12 0 7 0 0 8 8,
31862709,1220,205,  14 0 9 0 0 5 14,
31889085,1533,170,  0 0 5 0 0 0 0,
31935207,774,174,  14 0 8 0 0 14 14,
31956291,972,180,  7 0 12 0 0 7 8,
31966431,1035,192,  8 0 14 0 0 11 15,
31999544,711,116,  9 0 4 0 0 6 6,
32033021,1036,224,  11 0 11 0 0 18 17,
32033043,1057,225,  12 0 13 0 0 18 16,
32034071,858,121,  0 0 4 0 0 0 0,
32234377,1196,253,  6 5 9 0 0 9 13,
32244330,1002,145,  7 4 9 0 0 8 8,
32244341,913,170,  9 4 10 0 0 8 9,
32273550,973,207,  9 0 8 0 0 8 22,
32294015,956,236,  8 0 13 0 0 16 12,
32294032,856,216,  8 0 13 0 0 14 13,
32309923,1139,196,  7 0 8 0 0 10 24,
32313482,849,211,  10 0 13 0 0 6 21,
32339462,1291,173,  8 0 9 0 0 10 7,
32339870,1186,177,  8 0 6 0 0 6 8,
32374267,1626,303,  16 0 7 0 0 6 25,
32423717,1365,199,  0 0 13 0 0 0 0,
32430754,1414,188,  10 0 8 0 0 6 13,
32430829,1381,145,  11 0 7 0 0 8 18,
32455416,699,196,  9 5 10 0 0 7 16,
32464624,836,194,  4 0 7 0 0 9 10,
32464802,1013,184,  6 0 7 0 0 6 14,
32474164,1174,190,  9 0 11 0 0 5 14,
32474180,1285,193,  9 0 12 0 0 5 10,
32474215,1316,177,  7 0 11 0 0 4 14,
32476579,709,186,  10 4 10 0 0 10 12,
32479247,624,163,  11 4 6 0 0 6 14,
32481767,903,150,  9 0 6 0 0 6 15,
32482002,938,194,  9 0 11 0 0 6 14,
32488804,1063,197,  8 0 14 0 0 15 13,
32500893,1301,225,  14 0 12 0 0 12 9,
32500909,1266,220,  11 0 10 0 0 14 10,
32503207,1374,244,  12 0 12 0 0 6 23,
32514358,817,123,  8 0 5 0 0 8 13,
32514373,706,147,  11 0 7 0 0 9 14,
32529074,1287,273,  6 5 18 0 0 8 14,
32531894,1355,219,  7 0 11 0 0 17 20,
32562724,1008,144,  5 4 8 0 0 4 18,
32612073,972,217,  9 0 14 0 0 10 10,
32630800,1292,227,  6 4 10 0 0 7 14,
32636544,1051,185,  6 4 14 0 0 9 10,
32654246,667,184,  10 3 13 0 0 11 15,
32669240,945,194,  6 4 10 0 0 6 10,
32682927,784,164,  10 0 8 0 0 11 13,
32705844,1616,210,  9 0 6 0 0 8 13,
32712204,992,377,  23 3 18 0 0 13 29,
32787761,843,174,  5 0 4 0 0 4 10,
32850571,759,213,  11 0 9 0 0 9 14,
32858820,1634,237,  8 0 16 0 0 5 14,
32858884,1700,231,  9 0 18 0 0 8 20,
32859516,1140,197,  7 0 14 0 0 7 4,
32865115,953,221,  11 4 11 0 0 14 14,
32865293,1016,128,  7 0 6 0 0 7 9,
32888183,983,232,  5 0 13 0 0 16 17,
32926618,921,205,  16 0 12 0 0 9 10,
32977202,974,197,  10 0 5 0 0 8 11,
32995615,952,198,  8 5 8 0 0 7 11,
33004063,856,193,  14 5 5 0 0 9 11,
33031005,861,210,  9 0 12 0 0 7 14,
33031131,823,191,  8 0 10 0 0 9 15,
33035012,1283,262,  14 4 12 0 0 8 14,
33054154,994,201,  14 0 16 0 0 9 10,
33054186,1009,212,  14 0 15 0 0 14 10,
33189220,819,204,  13 0 10 0 0 10 8,
33190114,1030,165,  8 0 10 0 0 12 24,
33196614,737,193,  7 0 7 0 0 7 16,
33227036,1105,163,  8 6 11 0 0 12 6,
33230828,1457,184,  12 4 4 0 0 8 19,
33238693,872,163,  7 0 13 0 0 6 5,
33247465,989,163,  5 0 9 0 0 7 8,
33247466,891,175,  6 0 9 0 0 8 8,
33247468,970,176,  4 0 9 0 0 7 9,
33253340,929,172,  5 0 12 0 0 11 9,
33253930,915,175,  8 4 8 0 0 8 19,
33261030,893,192,  15 0 14 0 0 11 15,
33371868,744,164,  12 0 7 0 0 10 11,
33371895,703,177,  14 0 6 0 0 14 7,
33372675,1421,258,  13 0 15 0 0 4 10,
33374215,932,217,  9 0 11 0 0 12 12,
33391951,742,127,  4 5 8 0 0 7 14,
33398404,863,170,  13 0 7 0 0 6 12,
33400484,1007,227,  12 4 17 0 0 7 12,
33410547,1128,220,  9 4 13 0 0 9 22,
33438028,1033,221,  14 0 16 0 0 7 16,
33438746,1167,228,  15 0 17 0 0 10 21,
33438752,1210,242,  14 0 16 0 0 12 21,
33438771,1170,257,  16 0 13 0 0 12 22,
33457430,1495,129,  0 0 15 0 0 0 0,
33471666,1355,235,  8 4 19 0 0 7 22,
33527645,1285,254,  11 0 16 0 0 12 22,
33533671,1121,208,  5 0 14 0 0 6 6,
33544515,1002,189,  8 0 6 0 0 9 17,
33551539,1028,188,  5 0 6 0 0 14 14,
33568311,1063,192,  15 0 7 0 0 4 12,
33568316,1160,182,  15 0 7 0 0 5 13,
33580581,708,190,  9 0 12 0 0 8 13,
33589672,1582,296,  13 0 14 0 0 5 17,
33598972,939,181,  5 4 7 0 0 5 14,
33598980,946,176,  5 4 7 0 0 7 16,
33598986,885,170,  5 4 7 0 0 7 11,
33612229,647,190,  6 0 11 0 0 9 13,
33619609,1229,197,  16 0 11 0 0 6 11,
33625938,893,177,  9 0 10 0 0 8 15,
33633140,1907,221,  5 0 16 0 0 6 11,
33633166,1651,235,  6 0 16 0 0 6 8,
33633192,1854,272,  7 0 19 0 0 8 9,
33633214,1855,221,  6 0 19 0 0 7 7,
33648747,1137,213,  12 0 16 0 0 7 16,
33671838,1398,174,  0 0 13 0 0 4 4,
33675677,1219,191,  11 0 10 0 0 5 13,
33696187,1350,239,  14 5 11 0 0 11 17,
33709145,1204,208,  9 6 8 0 0 8 15,
33709159,1154,154,  10 6 6 0 0 6 7,
33709195,1065,202,  14 6 6 0 0 8 9,
33709214,1092,184,  14 6 4 0 0 6 9,
33713101,965,166,  9 0 8 0 0 7 13,
33713218,886,209,  11 0 12 0 0 5 19,
33722023,1185,194,  0 0 9 0 0 0 0,
33751791,1304,226,  7 0 10 0 0 8 12,
33751795,1283,230,  9 0 10 0 0 9 13,
33751804,1330,222,  9 0 10 0 0 9 14,
33751805,1288,232,  8 0 10 0 0 9 14,
33751828,1171,266,  13 0 9 0 0 9 19,
33787390,1353,239,  14 4 11 0 0 9 17,
33787395,1337,224,  15 4 11 0 0 9 14,
33788582,575,178,  12 4 15 0 0 9 8,
33789505,877,183,  5 0 12 0 0 6 13,
33790910,827,218,  10 6 12 0 0 9 23,
33791023,1069,195,  9 5 10 0 0 10 15,
33791058,1043,236,  16 5 11 0 0 15 16,
33872718,1643,172,  0 0 8 0 0 0 0,
33875435,1056,132,  10 0 6 0 0 4 7,
33878596,1179,197,  11 0 8 0 0 5 16,
33927165,865,173,  10 0 11 0 0 7 12,
33927592,905,224,  12 0 11 0 0 11 13,
33931531,816,193,  9 0 15 0 0 12 12,
33944905,805,233,  13 3 12 0 0 10 15,
33945193,945,218,  7 4 16 0 0 8 15,
33946424,852,187,  10 0 8 0 0 6 8,
33977772,752,208,  11 0 8 0 0 14 16,
33989883,965,168,  5 0 8 0 0 9 12,
33995254,909,196,  8 0 8 0 0 7 19,
34008445,1088,235,  10 0 12 0 0 12 22,
34013091,1442,275,  8 0 19 0 0 10 25,
34013373,1148,193,  11 0 7 0 0 11 12,
34031706,805,132,  9 4 7 0 0 4 5,
34057155,1312,295,  14 4 17 0 0 11 35,
34057159,1307,264,  13 4 15 0 0 6 28,
34061025,981,351,  18 3 12 0 3 14 32,
34061281,996,345,  15 4 15 0 0 14 32,
34061288,919,296,  12 4 13 0 0 8 28,
34062224,1071,316,  23 5 16 0 0 12 20,
34064309,1040,373,  17 3 24 0 3 10 13,
34065141,1096,426,  24 7 25 0 5 6 28,
34090143,1083,219,  8 0 10 0 0 5 13,
34090156,1115,224,  8 0 12 0 0 6 12,
34090229,1119,208,  17 0 5 0 0 6 12,
34092861,890,196,  9 0 8 0 0 6 14,
34111085,1019,319,  9 3 20 0 0 8 12,
34113406,874,181,  4 0 10 0 0 7 11,
34134840,920,160,  5 0 13 0 0 9 12,
34139619,612,150,  8 0 6 0 0 12 13,
34145509,1518,119,  0 0 5 0 0 0 0,
34145537,1460,154,  0 0 9 0 0 0 0,
34145544,1519,145,  0 0 9 0 0 0 0,
34145546,1506,160,  0 0 10 0 0 0 0,
34191585,1021,212,  9 0 14 0 0 13 11,
34193222,1328,289,  12 0 13 0 0 13 16,
34195405,950,232,  10 6 8 0 0 9 16,
34203154,1095,220,  10 0 19 0 0 8 13,
34217455,677,213,  11 0 10 0 0 9 17,
34217491,852,203,  13 0 11 0 0 6 17,
34217663,809,191,  8 0 13 0 0 11 14,
34217728,942,177,  7 0 12 0 0 9 11,
34228469,1240,189,  8 0 12 0 0 11 7,
34228477,1191,205,  12 0 14 0 0 15 11,
34235760,1033,212,  6 0 17 0 4 11 12,
34240125,940,210,  7 5 10 0 0 10 13,
34252126,1063,163,  7 0 7 0 0 9 11,
34270790,1456,179,  17 0 8 0 0 6 10,
34270802,1504,201,  17 0 8 0 0 6 8,
34283941,935,173,  7 0 14 0 0 9 11,
34287569,941,210,  8 4 6 0 0 11 15,
34327549,881,151,  6 0 9 0 0 9 9,
34333755,876,168,  8 0 11 0 0 5 12,
34333849,894,175,  11 0 6 0 0 9 13,
34368969,1328,236,  6 0 12 0 0 6 20,
34369243,1198,174,  8 0 9 0 0 7 8,
34385984,844,200,  10 0 13 0 0 6 15,
34387238,958,197,  7 0 9 0 0 12 22,
34390589,1365,151,  5 0 7 0 0 7 7,
34394805,858,165,  8 0 5 0 0 4 13,
34411055,895,166,  13 0 9 0 0 4 14,
34411076,1016,202,  14 0 13 0 0 6 16,
34418329,1052,182,  8 4 8 0 0 9 15,
34418836,1051,224,  7 5 15 0 0 6 11,
34418849,979,236,  8 5 14 0 0 8 12,
34418850,1118,199,  6 5 13 0 0 5 11,
34430947,1017,199,  12 5 10 0 0 11 17,
34458452,849,197,  9 0 10 0 0 7 15,
34462062,962,214,  7 7 13 0 0 8 15,
34464456,822,116,  0 0 9 0 0 0 0,
34500850,1073,213,  12 0 13 0 0 9 20,
34514745,824,194,  9 4 5 0 0 5 16,
34533625,1088,210,  12 0 11 0 0 8 20,
34573882,603,152,  7 5 5 0 0 4 11,
34573917,876,141,  6 5 7 0 0 6 12,
34584904,893,178,  7 4 9 0 0 9 24,
34584923,906,199,  8 4 9 0 0 7 19,
34611325,1002,129,  7 5 6 0 0 8 10,
34628977,1054,208,  5 4 11 0 0 12 20,
34635525,1422,290,  9 4 11 0 0 5 22,
34650509,986,213,  11 0 15 0 0 5 16,
34656280,939,198,  12 0 9 0 0 10 13,
34658247,1234,263,  8 0 15 0 0 12 19,
34684468,743,185,  8 0 8 0 0 8 8,
34698678,873,239,  15 0 12 0 0 13 14,
34698692,1011,250,  13 0 13 0 0 15 18,
34710654,1262,273,  12 0 13 0 0 11 21,
34718752,967,137,  8 0 5 0 0 4 17,
34736993,1451,283,  8 0 20 0 0 9 17,
34737517,809,237,  7 6 8 0 0 9 9,
34737558,944,203,  7 5 5 0 0 14 9,
34741796,1075,210,  7 0 8 0 0 11 14,
34742222,1111,212,  8 0 8 0 0 4 10,
34743195,1015,229,  10 0 6 0 0 11 15,
34810344,870,170,  12 0 7 0 0 7 16,
34833000,1085,129,  7 0 8 0 0 7 11,
34843970,881,205,  4 5 9 0 0 6 19,
34844003,857,198,  5 5 7 0 0 7 16,
34846220,886,199,  8 0 10 0 0 10 15,
34886821,900,148,  8 0 13 0 0 5 9,
34889365,1226,158,  7 0 9 0 0 4 19,
34889367,1210,180,  7 0 13 0 0 6 20,
34899946,890,176,  13 0 14 0 0 15 14,
34910601,1051,276,  14 4 12 0 0 7 21,
34928497,963,342,  23 4 19 0 0 26 25,
34956965,1398,228,  11 0 7 0 0 8 20,
34956996,1249,219,  11 0 7 0 0 7 16,
34959370,828,193,  13 4 9 0 0 11 20,
34974928,828,141,  0 0 10 0 0 0 0,
34985420,1127,176,  10 0 12 0 0 10 10,
35005975,1314,182,  12 0 8 0 0 11 5,
35028465,1068,228,  8 0 11 0 0 8 23,
35045456,912,181,  6 4 11 0 0 7 13,
35059033,1581,176,  6 0 7 0 0 4 4,
35064028,975,252,  4 0 16 0 0 15 16,
35076974,1055,151,  8 6 7 0 0 7 14,
35082591,1020,217,  18 0 8 0 0 9 13,
35086606,1033,183,  9 0 16 0 0 6 5,
35135121,1085,182,  7 4 12 0 0 8 8,
35158596,865,183,  11 4 17 0 0 6 14,
35175638,811,175,  9 0 8 0 0 4 10,
35204767,908,197,  9 4 13 0 0 7 15,
35204816,912,187,  12 4 13 0 0 7 11,
35207682,989,186,  12 5 12 0 0 9 15,
35217473,1379,239,  13 4 9 0 0 12 14,
35251850,939,198,  10 4 16 0 0 8 17,
35253294,1252,161,  7 0 14 0 0 5 7,
35267080,807,184,  7 0 17 0 0 10 23,
35300043,1184,173,  8 0 8 0 0 6 16,
35300083,1316,231,  11 0 6 0 0 11 22,
35306738,818,154,  6 0 6 0 0 4 11,
35341062,1476,184,  4 0 15 0 0 5 6,
35343103,997,111,  9 0 7 0 0 6 7,
35389996,1619,269,  9 5 15 0 0 9 14,
35390011,1544,289,  8 5 17 0 0 13 13,
35390014,1350,293,  9 5 17 0 0 13 13,
35390024,1559,300,  9 5 17 0 0 12 12,
35432247,1486,219,  11 4 16 0 0 4 15,
35432294,1466,222,  10 5 17 0 0 5 16,
35432303,1420,231,  12 4 17 0 0 7 15,
35448038,1038,211,  7 0 11 0 0 9 18,
35456426,1423,315,  8 4 23 0 0 10 29,
35464321,924,162,  4 0 9 0 4 5 18,
35464359,877,169,  6 0 6 0 6 5 17,
35475639,1644,203,  7 4 7 0 0 9 6,
35536904,1391,304,  10 0 7 0 0 8 22,
35536921,1469,285,  8 0 8 0 0 7 24,
35536925,1383,295,  8 0 9 0 0 7 25,
35536942,1409,299,  11 0 9 0 0 10 20,
35541329,911,177,  7 5 14 0 0 13 14,
35542995,1362,317,  8 4 15 0 0 7 25,
35543587,1376,269,  5 0 11 0 0 6 10,
35543588,1233,267,  5 0 12 0 0 7 10,
35559910,1042,162,  6 4 8 0 0 9 10,
35559929,1044,176,  9 4 4 0 0 8 9,
35578080,736,208,  10 0 4 0 0 12 14,
35598155,1048,219,  6 5 9 0 0 13 22,
35611820,890,195,  17 4 14 0 0 10 24,
35613426,865,184,  12 0 9 0 0 5 11,
35621124,843,178,  5 0 11 0 0 5 18,
35622729,912,134,  4 0 8 0 0 10 10,
35626846,984,228,  11 4 11 0 0 11 18,
35641623,1124,197,  7 4 6 0 0 4 11,
35642383,958,166,  12 0 7 0 0 11 10,
35657570,1010,203,  4 4 12 0 0 7 13,
35678010,1799,220,  7 0 8 0 0 7 18,
35678044,1794,218,  4 0 8 0 0 7 11,
35678049,1697,214,  4 0 8 0 0 9 10,
35678067,1752,240,  10 0 8 0 0 12 24,
35679911,888,207,  10 0 13 0 0 12 11,
35686206,932,205,  7 4 16 0 0 12 11,
35708656,1668,379,  17 0 17 0 0 6 20,
35742333,528,177,  15 0 6 0 0 7 12,
35750375,862,199,  8 0 11 0 0 10 18,
35750528,911,202,  13 0 10 0 0 15 14,
35750544,1079,198,  11 0 7 0 0 13 12,
35786319,982,171,  7 0 13 0 0 10 12,
35788201,772,156,  12 0 6 0 0 6 15,
35808218,933,198,  12 4 12 0 0 7 14,
35817899,743,170,  17 0 5 0 0 11 13,
35821456,824,158,  6 0 6 0 0 6 12,
35821618,920,235,  6 0 13 0 0 8 10,
35821660,1058,233,  8 0 14 0 0 10 14,
35843298,1696,218,  9 0 16 0 0 5 14,
35847216,980,206,  8 0 10 0 0 11 16,
35861430,1443,207,  11 0 14 0 0 5 16,
35867716,905,186,  14 0 12 0 0 5 17,
35882054,889,193,  10 0 12 0 0 7 12,
35884827,1049,174,  10 0 7 0 0 13 16,
35885576,1043,231,  11 3 13 0 3 7 17,
35896823,950,189,  8 4 6 0 0 6 20,
35900955,1237,191,  6 0 15 0 0 10 11,
35907610,881,198,  12 0 6 0 0 9 24,
35924875,1169,266,  17 4 11 0 0 11 15,
35924889,1184,260,  15 4 10 0 0 8 17,
35942783,953,182,  9 0 9 0 0 11 22,
35943736,1178,204,  9 5 15 0 0 10 14,
35943743,1227,214,  11 5 15 0 0 12 11,
35956543,1008,209,  18 0 12 0 0 9 22,
35963930,1012,173,  7 0 11 0 0 13 15,
35963933,981,189,  8 0 12 0 0 13 17,
35974227,1483,281,  9 0 14 0 0 7 16,
35980141,914,183,  6 0 8 0 0 10 17,
35999660,1203,186,  12 4 8 0 0 8 6,
35999701,1195,166,  11 4 6 0 0 10 11,
36008394,736,190,  6 0 4 0 0 9 19,
36010001,1009,197,  9 4 14 0 0 8 21,
36012221,1125,222,  10 0 16 0 0 8 22,
36028361,1205,225,  15 6 18 0 0 6 17,
36037726,869,178,  9 0 8 0 0 10 15,
36151704,1025,163,  4 0 13 0 0 6 7,
36155769,826,168,  9 4 4 0 0 12 11,
36159781,1091,196,  7 4 11 0 0 4 15,
36167125,841,168,  13 0 8 0 0 7 8,
36195888,1080,199,  8 0 5 0 0 7 19,
36195931,1119,223,  10 0 7 0 0 9 19,
36195949,1060,212,  9 0 6 0 0 11 18,
36195953,1078,216,  9 0 7 0 0 9 20,
36212940,1102,129,  5 0 13 0 0 5 4,
36212999,1118,152,  6 0 9 0 0 11 5,
36402028,980,205,  9 0 10 0 0 9 13,
36406131,1509,224,  5 0 16 0 0 11 17,
36406187,1530,272,  9 0 16 0 0 14 22,
36408202,649,198,  6 0 14 0 0 9 8,
36419660,1041,187,  13 0 10 0 0 12 15,
36419663,857,190,  13 0 8 0 0 13 15,
36419701,936,193,  13 0 11 0 0 11 18,
36433711,832,220,  12 0 17 0 0 9 20,
36433762,925,218,  8 0 17 0 0 13 17,
36444409,1115,191,  7 4 7 0 0 12 15,
36488326,861,172,  6 0 15 0 0 9 10,
36490864,869,151,  6 0 4 0 0 15 7,
36520186,1985,150,  8 0 6 0 0 5 11,
36551165,1472,194,  6 0 12 0 0 7 16,
36552452,1778,292,  0 0 21 0 0 0 0,
36552903,1745,200,  0 0 14 0 0 0 0,
36552960,1740,137,  0 0 11 0 0 0 0,
36552982,1687,183,  0 0 11 0 0 0 0,
36554187,1277,274,  8 0 10 0 0 10 18,
36554551,1311,222,  15 0 11 0 0 5 9,
36554872,1477,275,  6 0 12 0 0 8 13,
36558177,925,215,  7 4 6 0 0 6 16,
36589577,929,189,  6 0 12 0 0 7 14,
36590555,1108,168,  7 0 6 0 0 5 5,
36604743,788,184,  7 0 13 0 0 15 14,
36611868,878,167,  8 0 10 0 0 7 14,
36635111,1487,196,  5 0 8 0 0 5 21,
36646247,1436,176,  0 0 14 0 0 0 0,
36664656,956,174,  7 0 11 0 0 6 13,
36699332,873,189,  8 0 7 0 0 8 15,
36700224,1030,196,  14 0 9 0 0 5 13,
36711382,1203,135,  0 0 11 0 0 0 0,
36711389,1205,150,  0 0 12 0 0 0 0,
36724022,1521,317,  13 5 16 0 0 6 27,
36730317,850,154,  7 4 13 0 0 8 14,
36738681,939,179,  14 4 10 0 0 10 14,
36841598,1026,186,  7 0 8 0 0 11 13,
36841996,967,224,  13 4 5 0 0 15 8,
36842039,1070,221,  12 4 9 0 0 17 11,
36857490,939,158,  6 0 5 0 0 8 13,
36891663,1481,229,  13 0 15 0 0 5 22,
36891680,1390,246,  13 0 18 0 0 7 23,
36891696,1458,250,  13 0 16 0 0 7 24,
36891708,1557,232,  8 0 14 0 0 7 18,
36891732,1299,267,  8 0 13 0 0 10 20,
36891999,1636,138,  10 0 4 0 0 8 9,
36906125,971,178,  18 5 12 0 0 9 14,
36908704,1249,216,  11 4 5 0 0 14 15,
36916166,1231,209,  12 0 10 0 0 6 14,
36920492,1219,225,  12 0 11 0 0 14 21,
36940902,846,174,  7 0 14 0 0 11 15,
36941284,974,154,  6 0 8 0 0 12 16,
36992532,1050,189,  8 0 8 0 0 12 10,
37006571,810,148,  6 0 6 0 0 5 11,
37027026,1302,234,  10 5 17 0 0 11 16,
37027056,1314,224,  12 5 15 0 0 12 24,
37027076,1371,220,  13 4 14 0 0 9 25,
37027079,1275,220,  13 4 15 0 0 9 23,
37054289,1333,183,  8 0 8 0 0 12 16,
37060364,985,220,  8 0 12 0 0 4 17,
37081570,1280,204,  10 0 9 0 0 12 15,
37084053,1156,198,  16 0 8 0 0 6 18,
37084060,1317,189,  16 0 6 0 0 6 19,
37092177,765,173,  5 0 6 0 0 12 16,
37112227,1258,258,  11 0 19 0 0 18 18,
37119035,958,204,  13 4 13 0 5 11 15,
37123380,1183,245,  15 4 14 0 0 12 17,
37123391,1151,212,  12 4 14 0 0 9 16,
37123583,1024,208,  9 5 9 0 0 11 14,
37128877,1258,220,  12 0 5 0 0 8 17,
37173510,968,195,  5 5 8 0 0 6 16,
37181506,826,197,  11 0 10 0 0 8 23,
37191242,1298,146,  5 0 4 0 0 8 9,
37219985,1042,184,  12 4 12 0 0 4 9,
37220342,1036,195,  10 0 5 0 0 7 8,
37222057,790,192,  7 3 12 0 0 10 18,
37269340,889,194,  9 5 10 0 0 4 9,
37305613,1022,218,  5 0 7 0 0 14 17,
37311307,769,192,  11 0 6 0 0 6 13,
37325088,896,170,  9 0 4 0 0 7 12,
37328446,962,236,  13 0 9 0 0 10 22,
37328510,1020,238,  11 0 12 0 0 10 19,
37368746,1098,236,  13 5 8 0 4 10 21,
37370715,1052,210,  14 5 10 0 0 12 16,
37378669,1092,230,  8 4 11 0 0 11 15,
37393945,1043,167,  14 0 10 0 0 7 15,
37405922,827,177,  5 0 14 0 0 5 8,
37421607,707,158,  16 4 8 0 0 6 9,
37421613,773,163,  17 5 10 0 0 5 10,
37423689,906,235,  6 7 16 0 0 10 22,
37440236,994,169,  4 0 11 0 0 7 14,
37440242,972,175,  5 0 8 0 0 7 12,
37472851,1123,242,  13 0 13 0 0 13 10,
37473760,1061,193,  11 0 6 0 0 5 8,
37492853,966,228,  8 0 7 0 0 9 14,
37502319,1157,183,  4 0 10 0 0 4 16,
37502435,1019,194,  8 0 7 0 0 7 13,
37594501,773,172,  10 0 14 0 0 10 6,
37603122,1230,129,  11 5 7 0 0 6 17,
37620963,1416,174,  10 0 5 0 0 8 10,
37629496,1560,247,  15 0 6 0 0 12 13,
37634085,1210,245,  17 0 11 0 0 10 22,
37650995,789,151,  9 0 9 0 0 10 10,
37653854,1583,146,  6 0 4 0 0 4 9,
37677494,952,214,  15 0 14 0 0 7 16,
37678591,1487,135,  5 0 6 0 0 6 8,
37682961,896,168,  5 0 10 0 0 7 7,
37699163,822,185,  15 0 4 0 0 10 15,
37699834,1074,217,  6 4 9 0 0 6 28,
37699836,1154,213,  8 4 9 0 0 5 26,
37718665,787,149,  8 0 8 0 0 12 12,
37718674,766,146,  8 0 9 0 0 12 12,
37721568,932,192,  8 0 12 0 0 7 19,
37721628,1105,223,  7 0 12 0 0 8 22,
37727604,1318,249,  12 4 17 0 0 9 10,
37727616,1416,277,  20 4 18 0 0 13 16,
37766324,838,163,  9 0 9 0 0 5 16,
37779116,768,137,  6 4 9 0 0 6 11,
37779147,835,167,  4 4 8 0 0 4 13,
37792475,1136,169,  0 0 5 0 0 4 6,
37809621,728,194,  3 5 8 0 0 12 11,
37809625,778,198,  4 6 9 0 0 12 11,
37830456,1021,209,  10 0 10 0 0 7 20,
37834432,979,193,  0 0 15 0 0 0 0,
37835802,895,165,  8 0 12 0 0 4 15,
37835853,994,166,  9 0 14 0 0 5 13,
37841844,1098,243,  9 6 16 0 0 17 17,
37855450,1006,189,  8 4 8 0 0 14 10,
37859933,1057,233,  9 0 12 0 4 17 19,
37863517,907,163,  13 6 6 0 0 9 11,
37863523,836,185,  15 6 8 0 0 12 11,
37922935,899,213,  4 0 7 0 4 13 12,
37946675,854,102,  0 4 9 0 0 6 8,
37989957,1408,207,  0 0 9 0 0 5 12,
37990299,1355,99,  0 0 5 0 0 0 0,
38015167,1047,204,  14 4 6 0 0 14 30,
38017518,1243,243,  6 0 17 0 0 7 20,
38030250,1272,304,  15 4 17 0 0 16 22,
38033651,914,210,  7 0 6 0 0 12 19,
38049722,1659,236,  0 0 13 0 0 0 0,
38049761,1557,256,  0 0 15 0 0 0 0,
38049779,1514,286,  0 0 19 0 0 0 0,
38056004,844,174,  13 0 12 0 0 6 13,
38061762,1192,222,  12 0 5 0 0 4 10,
38148279,889,203,  7 4 5 0 0 8 16,
38148284,928,207,  6 4 6 0 0 8 16,
38189731,815,167,  6 4 9 0 0 10 11,
38225526,516,141,  7 4 8 0 0 8 20,
38230771,1296,237,  14 0 15 0 0 9 16,
38230780,1195,214,  14 0 14 0 0 4 8,
38232060,1249,210,  5 0 6 0 0 4 10,
38699792,1051,213,  8 4 8 0 0 11 10,
38700511,844,150,  5 0 9 0 0 10 16,
38701111,872,205,  9 4 8 0 0 10 18,
38706635,624,151,  4 0 6 0 0 11 13,
38763653,998,238,  12 5 14 0 0 13 19,
38763672,1026,229,  13 6 15 0 0 11 15,
38784169,1065,217,  12 0 13 0 0 10 29,
38812998,1404,208,  8 4 13 0 0 6 8,
38821489,922,161,  8 0 9 0 0 9 14,
38909525,1227,199,  7 0 13 0 0 8 16,
38909827,1088,210,  12 0 11 0 0 8 16,
38910867,1134,188,  16 0 10 0 0 7 15,
38913981,1364,179,  6 0 10 0 0 12 18,
38926565,771,207,  7 4 9 0 0 11 17,
38926617,947,189,  9 4 10 0 0 9 17,
38926620,862,201,  10 4 12 0 0 11 18,
38929083,1161,149,  10 0 9 0 0 8 8,
38961459,919,206,  6 4 14 0 0 10 13,
38966855,818,181,  8 4 6 0 0 13 15,
38967523,1055,209,  12 0 12 0 0 10 19,
38967535,963,221,  11 0 13 0 0 10 17,
38967645,1090,188,  6 0 11 0 0 7 16,
38967703,1111,202,  5 0 10 0 0 10 17,
38972619,1093,252,  9 6 20 0 0 13 13,
38972682,937,225,  15 7 12 0 0 9 17,
38972710,973,267,  15 5 15 0 0 12 17,
38972777,960,239,  18 4 18 0 0 5 13,
38974692,1737,226,  10 0 5 0 0 9 9,
38994491,1091,208,  11 0 11 0 0 6 7,
38996727,1165,248,  10 0 13 0 0 15 19,
38996844,1203,133,  7 0 7 0 0 6 5,
38996853,1174,129,  7 0 7 0 0 5 5,
38996854,1261,123,  7 0 7 0 0 5 5,
38996856,1209,126,  6 0 7 0 0 5 5,
38996859,1128,126,  7 0 7 0 0 4 5,
38996861,1164,122,  7 0 6 0 0 5 5,
39001122,938,217,  12 3 17 0 3 6 15,
39002510,1178,260,  9 0 17 0 4 8 17,
39002524,1334,233,  7 0 16 0 4 8 11,
39007822,1138,220,  4 4 8 0 0 7 18,
39009370,1445,212,  6 4 8 0 0 4 13,
39009371,1486,214,  7 4 7 0 0 4 13,
39009373,1488,207,  6 4 9 0 0 4 11,
39043879,1059,193,  9 0 9 0 0 7 14,
39054564,1009,198,  12 0 10 0 0 7 15,
39071730,945,175,  9 0 11 0 0 10 13,
39096763,1077,239,  19 0 7 0 0 8 12,
39106733,859,180,  7 0 5 0 0 9 18,
39108167,1613,178,  6 0 9 0 0 4 7,
39108171,1593,165,  6 0 9 0 0 6 7,
39108186,1547,184,  6 0 9 0 0 9 9,
39108194,1368,186,  6 0 7 0 0 10 9,
39108289,1373,131,  6 0 6 0 0 7 8,
39116575,632,139,  9 0 7 0 0 7 9,
39131171,1055,220,  12 4 17 0 0 9 15,
39131589,1133,211,  10 0 13 0 0 12 14,
39133133,1378,194,  11 0 15 0 0 5 12,
39134859,1249,196,  13 0 11 0 0 7 19,
39162069,678,182,  9 4 8 0 0 11 10,
39164982,926,196,  11 0 10 0 0 10 8,
39170662,1300,172,  0 0 12 0 0 0 0,
39172370,374,118,  7 3 7 0 0 5 5,
39247495,1440,173,  8 4 12 0 0 5 11,
39249217,979,231,  11 0 16 0 0 13 9,
39252155,860,169,  8 4 10 0 0 13 11,
39257625,768,172,  8 0 10 0 0 11 15,
39257659,812,190,  11 0 13 0 0 10 16,
39275010,903,145,  5 0 4 0 0 11 10,
39280465,1123,187,  8 0 5 0 0 7 9,
39280492,1202,208,  9 0 7 0 0 9 6,
39320214,966,160,  7 0 7 0 0 8 15,
39335934,1124,128,  5 0 7 0 0 6 9,
39349206,1121,192,  10 0 8 0 0 6 10,
39354298,722,195,  16 0 17 0 0 6 9,
39434541,1093,215,  14 0 8 0 0 9 16,
39453884,1463,285,  17 0 13 0 0 9 18,
39539154,1579,164,  5 0 15 0 0 4 9,
39539742,1665,174,  5 0 7 0 0 6 9,
39539762,1702,178,  7 0 7 0 0 7 10,
39552157,1545,234,  7 0 5 0 0 8 19,
39584263,732,165,  7 0 6 0 0 13 13,
39592552,885,183,  7 4 11 0 0 6 17,
