27643909,1032,184,  14 2 12 12 1 13 17 13 8 17 9 5 10 8 2 14 5 8 10 5 6 4 21 21 25,
27647443,1379,182,  10 3 15 16 3 17 24 16 20 16 0 6 17 0 3 22 0 0 21 8 10 4 16 20 21,
27659801,1313,214,  23 0 11 16 4 18 21 21 28 11 0 7 27 0 0 18 0 0 23 6 11 5 25 20 27,
27674754,1024,154,  8 3 13 15 3 18 9 14 11 11 0 5 17 0 0 10 0 0 11 3 7 6 15 16 18,
27691702,1004,178,  8 3 8 13 1 19 20 16 18 17 0 5 15 2 5 17 0 5 11 5 7 6 18 9 25,
27705099,1485,181,  16 3 18 16 3 30 15 29 26 23 0 5 6 0 0 18 0 0 28 7 16 1 18 27 22,
27705905,1620,271,  19 1 14 18 4 30 25 41 33 18 0 7 21 0 0 40 0 0 45 7 19 7 28 16 27,
27705922,1545,271,  15 1 12 17 3 34 25 35 31 17 0 7 15 0 0 39 0 0 42 6 16 6 31 17 22,
27705998,1554,242,  19 0 19 17 3 39 30 31 25 22 0 6 18 0 0 21 0 0 35 7 19 8 28 28 29,
27739292,1062,197,  5 2 9 8 3 13 23 17 13 11 3 5 24 4 6 16 5 4 18 8 10 6 9 16 17,
27744053,883,144,  6 2 18 9 2 9 13 15 11 13 3 4 9 2 4 16 3 3 9 6 4 5 14 11 16,
27744063,872,154,  7 3 20 9 1 8 14 16 14 13 2 3 7 2 4 17 2 2 8 7 6 6 12 12 17,
27752667,1095,187,  2 0 18 14 0 15 21 15 16 17 0 3 10 1 0 12 5 3 12 6 9 9 16 13 33,
27752676,1022,147,  2 0 15 11 0 15 19 10 10 13 0 3 9 1 0 8 4 3 8 3 9 10 11 11 28,
27752677,998,170,  3 0 15 12 0 12 20 14 13 16 0 3 9 1 0 10 4 3 11 3 8 10 13 11 28,
27772463,1318,99,  11 1 10 13 1 16 20 21 19 12 0 6 15 0 0 8 0 0 14 0 6 7 19 6 18,
27789932,1060,184,  10 5 13 16 2 18 15 11 17 16 7 3 11 6 5 11 4 6 16 5 13 5 15 10 17,
27808390,950,171,  7 2 13 12 0 16 10 11 12 20 6 3 13 4 11 17 9 5 20 1 7 7 15 14 17,
27812891,965,167,  5 7 17 16 0 18 22 14 9 17 3 3 14 10 4 14 6 8 12 5 9 2 10 16 17,
27838586,1223,134,  8 4 14 13 3 9 19 8 12 13 2 5 12 3 4 15 3 4 11 8 6 5 16 15 16,
27838598,1188,127,  7 4 13 12 3 9 21 9 10 13 2 5 8 3 4 14 2 3 11 9 8 3 18 13 18,
27838610,1134,166,  9 4 13 11 3 9 25 7 12 15 2 4 11 3 3 18 3 4 15 9 10 5 17 18 19,
27839307,882,136,  5 5 13 14 1 9 9 12 12 11 7 3 8 8 6 10 5 9 8 4 6 4 11 13 15,
27839313,743,136,  6 5 10 14 1 8 8 12 8 6 6 1 10 8 5 10 5 10 5 3 7 5 12 13 15,
27848971,1101,192,  10 1 15 17 0 13 15 14 15 20 0 2 13 0 4 12 2 0 13 7 13 8 18 24 25,
27909267,1223,214,  8 4 14 11 4 27 19 15 24 14 0 5 19 0 0 18 0 0 20 5 16 8 13 16 22,
27918064,1127,196,  7 1 12 8 4 14 23 10 13 15 0 7 14 4 6 8 1 3 20 7 6 4 15 10 24,
27919568,1052,222,  8 4 12 17 2 20 20 19 14 9 2 9 21 5 5 17 4 1 15 6 9 8 21 21 20,
27926425,1131,170,  16 1 18 11 6 21 13 6 21 9 0 5 7 0 4 12 0 0 24 4 12 5 15 12 16,
27926445,1208,143,  17 1 19 11 6 22 16 11 21 10 0 5 8 0 3 10 0 0 18 5 10 4 18 11 15,
27933791,903,178,  7 2 13 13 0 14 10 11 13 12 3 2 16 2 1 10 10 2 11 3 8 10 13 13 26,
27943967,852,175,  6 3 18 12 1 18 11 11 11 15 12 1 7 9 1 16 6 9 8 5 3 3 13 8 13,
27992008,1538,260,  8 3 22 13 5 22 32 35 30 15 0 6 17 0 0 22 0 0 25 9 12 9 20 14 31,
27992041,1561,254,  9 3 16 16 3 29 25 38 25 15 0 7 17 0 0 19 0 0 26 8 11 9 22 14 28,
28037348,1061,191,  4 1 13 8 3 12 15 15 12 16 3 3 22 8 3 14 8 5 18 8 6 6 9 19 15,
28044993,1465,146,  9 0 16 22 2 24 21 20 22 22 0 7 11 0 0 14 0 0 22 5 12 4 12 18 24,
28075201,1445,231,  9 3 20 18 4 22 22 35 26 11 0 3 26 0 0 20 0 0 25 5 15 5 14 33 31,
28075208,1112,227,  8 3 16 17 3 17 18 33 17 7 0 3 17 0 0 17 0 0 22 5 14 5 11 27 30,
28103607,1067,188,  3 2 13 6 4 17 18 14 24 7 1 6 12 10 8 18 4 3 21 9 5 4 11 17 12,
28127582,970,178,  3 3 12 11 4 21 9 17 19 15 0 4 16 1 3 15 4 3 14 4 5 12 17 15 19,
28136275,1035,190,  8 1 13 14 3 20 15 14 15 11 0 7 14 3 4 17 2 1 10 3 8 8 14 18 28,
28141519,962,386,  7 6 19 21 1 16 25 27 24 24 6 10 23 5 2 18 8 9 22 9 10 14 15 29 33,
28196066,1312,178,  12 2 13 11 3 27 19 26 28 14 0 5 18 0 0 12 0 0 20 7 6 6 20 14 25,
28258081,1180,136,  7 2 12 17 1 12 9 29 30 10 0 7 11 0 0 19 0 0 18 3 16 3 23 19 14,
28258234,1407,139,  16 4 15 15 0 18 13 17 18 16 0 7 26 0 0 15 0 0 24 13 13 4 15 16 23,
28258254,1386,145,  12 4 15 14 0 16 16 22 18 16 0 8 26 0 0 14 0 0 27 11 15 4 17 17 22,
28258440,1526,111,  5 4 11 20 1 17 18 31 18 15 0 5 19 0 0 17 0 0 22 7 10 5 13 12 29,
28283394,1177,158,  4 3 8 9 3 23 20 18 21 8 0 4 14 1 3 13 1 3 20 4 3 5 16 24 15,
28284322,1171,188,  8 2 17 16 3 15 28 19 18 13 0 3 24 0 0 12 0 0 12 6 12 9 20 11 25,
28296806,999,237,  6 3 9 13 1 16 23 22 17 14 1 2 14 0 7 13 6 1 20 9 12 0 14 20 26,
28355051,1608,195,  12 0 12 17 3 26 15 22 26 23 0 4 31 0 0 21 0 0 23 8 16 7 16 22 26,
28355054,1581,193,  12 0 12 17 4 24 13 20 26 23 0 5 31 0 0 20 0 0 21 9 17 6 13 24 24,
28379005,1328,143,  14 2 14 13 0 20 19 22 18 12 0 4 18 0 0 11 0 0 16 5 4 4 22 13 21,
28410288,1427,203,  15 2 10 15 2 20 14 22 20 16 0 4 20 2 2 22 2 1 29 14 16 7 21 19 23,
28421927,850,154,  3 2 15 11 2 8 14 13 13 15 2 3 11 7 3 9 7 7 14 5 4 6 6 12 20,
28431704,835,169,  3 5 8 10 4 18 17 8 10 7 4 4 13 3 3 10 5 2 12 6 5 3 14 7 25,
28499249,1393,178,  10 1 15 21 4 31 19 29 17 16 0 5 24 0 0 21 0 0 30 7 12 4 23 22 20,
28512155,1024,167,  9 1 15 13 1 21 19 17 18 13 0 2 9 0 1 11 0 0 15 7 9 7 15 16 20,
28524844,1705,155,  9 4 17 11 3 15 18 25 18 16 0 11 24 0 0 23 0 0 14 11 13 6 19 19 20,
28531280,1255,175,  6 2 9 16 4 18 10 15 20 14 0 2 23 0 0 17 0 0 17 4 10 12 19 16 29,
28586752,968,206,  7 2 8 18 3 12 19 14 27 22 2 8 15 2 5 23 5 1 7 4 10 3 16 23 19,
28606359,876,173,  5 1 13 11 2 18 14 12 16 21 4 5 15 6 6 7 7 9 12 5 10 8 13 15 14,
28640692,1426,158,  8 4 13 15 5 23 16 22 32 15 0 4 17 0 4 21 0 0 22 6 9 8 11 15 23,
28662535,1047,210,  19 4 19 13 3 19 21 20 21 15 5 3 14 3 2 8 7 7 14 3 7 5 15 17 16,
28726994,1151,209,  6 1 13 20 2 19 25 17 21 16 0 12 14 0 0 17 0 0 19 7 11 5 20 21 33,
28727008,1286,177,  6 1 13 22 1 21 29 15 23 19 0 13 17 0 0 15 0 0 15 8 8 4 19 20 28,
28727017,1249,216,  6 1 12 22 2 22 29 17 24 21 0 13 18 0 0 17 0 0 19 6 10 6 17 18 30,
28727022,1254,181,  5 1 14 18 4 19 27 17 22 18 0 13 19 0 0 10 0 0 17 7 7 6 18 16 28,
28727055,1297,189,  5 1 16 19 3 19 28 18 23 20 0 12 20 0 0 15 0 0 15 7 10 5 17 22 18,
28727065,1255,152,  4 1 15 17 3 18 24 15 15 15 0 13 19 0 0 13 0 0 13 6 7 5 15 21 17,
28787906,1042,180,  10 2 8 8 3 11 14 17 16 17 2 1 11 5 5 16 4 1 16 5 14 5 13 13 17,
28798886,1327,225,  4 0 17 14 3 16 27 19 23 14 0 3 20 0 0 16 0 0 20 11 8 7 26 24 24,
28798897,1314,211,  4 1 14 16 2 15 27 18 20 19 0 3 21 0 0 12 0 0 21 9 11 6 27 24 25,
28798905,1249,227,  5 1 13 14 3 11 24 15 21 16 0 3 20 0 0 16 0 0 23 8 7 6 23 26 26,
28798952,1114,151,  6 2 13 12 0 12 27 16 15 11 0 1 21 0 0 14 0 0 17 6 6 6 19 23 26,
28798953,1355,139,  5 2 12 11 0 12 27 17 12 11 0 1 24 0 0 17 0 0 19 7 7 6 18 22 27,
28807277,914,141,  2 0 13 10 2 8 11 13 9 10 10 3 6 9 6 14 9 10 15 5 14 6 10 8 18,
28807318,892,140,  5 0 9 6 3 11 10 14 14 9 9 4 8 7 4 13 9 11 12 8 13 5 9 9 13,
28830550,1514,219,  6 3 15 13 3 15 27 28 26 25 0 10 23 0 0 26 0 0 28 11 18 12 14 23 33,
28830581,1767,210,  9 2 21 19 4 18 26 34 27 23 0 11 24 0 0 28 0 0 22 15 18 10 14 24 36,
28830624,1786,203,  10 3 17 20 4 18 23 31 33 21 0 7 24 0 0 25 0 0 23 12 16 9 13 20 31,
28852238,990,196,  5 2 13 11 3 9 17 8 17 14 4 7 12 12 5 11 2 7 12 4 3 5 13 25 16,
28900303,957,180,  2 1 25 10 0 14 15 17 19 15 2 8 10 3 4 15 5 1 14 5 9 3 14 14 21,
28907982,1420,221,  13 4 22 19 5 26 18 26 27 19 0 5 14 0 0 24 0 0 22 7 12 6 28 20 24,
28913196,911,184,  8 3 15 16 2 7 13 12 15 14 3 5 9 5 9 9 7 10 24 6 10 7 13 14 19,
28932962,1030,135,  15 1 17 13 4 11 11 25 16 20 0 8 20 0 0 17 0 0 13 3 3 5 10 18 16,
28961160,1074,199,  6 0 13 15 3 15 16 8 14 13 0 9 14 5 6 14 2 7 18 4 13 6 13 17 21,
28974073,1434,173,  11 2 14 13 1 17 19 27 23 10 0 4 26 0 2 23 1 0 19 5 7 10 24 15 20,
28981276,1029,201,  5 0 19 13 3 24 20 11 17 12 5 2 9 5 5 8 9 3 16 3 10 5 16 20 22,
28983917,944,208,  6 4 16 14 3 20 23 12 21 18 3 4 20 2 4 12 2 0 15 8 10 4 10 10 23,
28995363,1218,96,  10 4 10 18 1 11 14 12 13 10 0 2 13 2 4 8 2 2 16 5 6 8 10 11 13,
28995364,1203,91,  8 4 9 16 1 12 14 13 12 8 0 2 14 2 4 9 2 2 19 5 5 8 10 12 16,
28995381,1186,113,  9 2 13 16 1 15 14 17 13 11 0 3 14 2 4 10 2 3 19 4 10 9 10 12 13,
29031663,1426,218,  8 4 10 21 3 27 24 22 26 22 0 13 25 0 3 25 1 0 20 8 11 6 13 20 19,
29033651,619,166,  7 5 11 15 2 10 14 13 13 6 4 3 4 8 7 9 7 2 10 5 5 5 13 11 9,
29060316,942,198,  5 2 16 12 1 12 16 14 15 16 5 4 16 5 7 12 4 4 16 2 5 9 14 17 19,
29064281,1203,188,  3 5 7 16 2 35 13 29 19 11 0 5 16 0 2 14 1 0 27 5 9 3 16 14 25,
29065294,1121,192,  4 1 11 9 5 19 27 20 15 14 0 7 13 1 5 17 4 0 15 6 8 8 15 9 28,
29065367,948,209,  10 1 12 11 2 18 11 13 16 17 0 7 21 2 4 15 2 0 15 6 8 6 14 16 20,
29065379,1136,203,  7 1 17 13 2 20 19 13 16 22 0 7 24 2 4 14 1 0 16 8 9 7 12 17 20,
29065975,1256,244,  12 4 19 9 3 16 18 14 21 20 0 6 25 8 3 23 0 4 22 13 11 12 23 28 27,
29066285,956,194,  6 3 9 13 2 17 14 12 10 14 2 1 15 2 5 24 5 4 11 10 4 6 16 13 26,
29067396,1500,167,  7 3 19 15 7 24 25 25 23 17 0 6 16 0 0 20 0 0 22 9 13 9 20 15 22,
29081369,1190,188,  8 2 19 9 0 23 11 17 24 8 0 7 17 0 0 15 0 0 23 7 10 10 23 18 25,
29092149,817,153,  6 1 17 8 0 9 14 7 10 13 0 4 10 2 1 5 1 1 10 9 5 8 26 4 21,
29098067,814,177,  6 2 14 10 2 10 10 15 15 8 3 4 9 5 2 12 7 2 13 4 7 8 9 9 19,
29101851,1031,215,  9 4 19 12 1 18 18 20 19 17 0 6 17 1 6 19 2 1 21 8 10 8 16 17 22,
29111442,1051,173,  9 2 11 13 1 14 16 12 22 8 3 3 9 6 5 17 10 3 9 12 9 5 12 11 24,
29113460,817,173,  7 3 17 12 1 14 9 6 10 16 0 4 11 1 4 9 2 3 11 6 9 5 10 13 14,
29113468,949,168,  6 3 19 13 1 16 12 11 12 16 0 4 14 4 4 7 2 3 12 7 7 5 10 18 15,
29129188,1163,228,  14 0 23 14 5 25 21 19 17 12 0 4 15 0 2 15 0 0 19 4 10 7 22 13 26,
29154340,1489,213,  15 1 11 18 4 26 19 31 23 14 0 4 23 0 0 18 0 0 27 9 14 9 23 22 29,
29154472,1675,234,  14 2 18 19 4 26 27 40 30 23 0 6 20 0 0 26 0 0 28 7 18 8 24 33 20,
29173958,800,156,  2 3 9 11 0 16 7 9 11 13 0 9 16 0 5 15 4 3 16 6 3 3 13 14 15,
29177210,1003,163,  9 3 16 8 2 10 12 21 11 16 0 2 13 12 6 11 5 0 11 10 9 7 19 14 22,
29187815,1127,223,  5 1 19 14 2 24 24 16 22 17 0 5 16 0 0 14 0 0 20 5 8 6 12 16 25,
29189073,782,168,  6 2 19 11 3 17 8 11 12 10 3 8 9 5 6 7 13 16 8 7 10 8 13 12 18,
29190295,743,173,  6 0 20 5 0 10 6 14 10 10 13 4 12 4 3 13 11 9 13 11 3 3 12 11 14,
29222102,1139,182,  9 0 15 14 2 26 18 15 13 19 1 6 19 9 4 13 0 1 14 6 11 5 18 17 17,
29240524,1759,144,  11 3 11 22 0 24 15 26 29 15 0 5 19 0 0 23 0 0 19 9 14 6 20 25 16,
29241244,1553,173,  14 4 10 28 0 26 26 26 24 16 0 6 30 0 1 24 0 0 29 7 8 8 21 20 20,
29297982,1533,226,  11 3 13 20 1 21 24 21 24 20 0 8 21 0 0 20 0 0 25 9 7 7 16 27 30,
29301665,1083,208,  3 3 8 5 3 13 19 23 22 18 0 6 18 5 2 15 6 3 15 4 9 6 14 11 27,
29325858,1015,198,  8 3 18 15 0 17 11 15 8 6 3 4 13 0 3 21 5 2 15 8 7 7 14 19 16,
29330407,1047,171,  9 3 16 14 2 20 21 10 21 7 0 10 7 0 7 13 3 2 13 4 11 6 12 22 17,
29333256,844,203,  10 1 9 9 3 16 22 14 17 11 0 8 16 0 1 15 0 1 19 7 10 3 19 10 17,
29351173,1015,184,  9 3 14 12 1 9 11 17 25 9 2 1 17 9 3 9 9 7 13 12 9 5 22 21 23,
29371327,947,146,  7 3 13 11 1 11 13 10 14 12 9 2 10 8 5 7 16 8 10 6 7 6 11 16 10,
29373987,1100,183,  9 0 9 13 3 11 16 11 27 15 1 4 20 2 4 22 3 3 14 4 11 4 13 14 19,
29374036,1178,190,  5 0 12 12 2 11 20 12 38 15 1 3 18 0 3 23 2 2 15 7 8 7 14 12 22,
29374041,1204,204,  8 0 14 16 3 11 20 16 35 17 1 7 19 0 3 27 2 2 15 10 9 6 15 14 22,
29377950,1494,179,  15 3 11 14 2 36 30 17 19 21 0 1 15 0 0 16 0 0 21 12 10 8 20 19 22,
29378000,1316,207,  10 1 13 16 2 25 25 19 18 17 0 1 20 0 1 17 0 0 27 17 13 6 23 16 28,
29378008,1434,207,  11 1 14 16 2 24 26 22 20 19 0 1 19 0 1 23 0 0 29 16 12 6 24 18 25,
29385697,854,175,  7 2 10 11 3 13 11 9 13 14 0 4 12 3 5 15 3 3 17 3 8 3 14 15 22,
29388007,1245,223,  6 3 18 15 2 25 17 18 19 18 0 8 14 0 7 17 0 0 13 9 8 7 21 14 23,
29388008,1260,227,  9 3 20 13 2 22 18 16 22 17 0 7 18 0 7 14 0 0 13 12 6 7 22 15 26,
29391292,1032,192,  8 2 16 14 0 20 24 12 13 21 1 2 12 0 9 17 0 1 10 6 14 6 21 19 20,
29392283,1369,291,  12 0 16 20 0 24 31 23 29 18 0 4 27 0 0 24 0 0 35 6 13 6 25 19 21,
29401960,771,160,  6 3 7 6 1 11 6 11 15 10 2 4 9 7 6 11 4 7 18 4 7 5 11 16 20,
29414269,1012,178,  5 2 18 13 0 19 18 16 8 11 0 9 9 0 7 14 2 1 12 13 10 3 9 18 15,
29423079,1082,176,  7 2 13 14 2 13 13 13 16 15 3 6 14 6 6 10 5 5 8 12 8 3 14 10 22,
29425131,1185,176,  5 2 22 8 2 11 22 17 18 16 2 3 13 4 6 18 4 3 15 5 10 9 12 16 19,
29431768,811,195,  7 4 15 12 2 8 13 9 9 15 2 3 9 10 8 14 9 9 15 7 7 3 13 14 20,
29448999,833,173,  5 2 15 6 0 11 14 9 16 9 4 7 11 12 4 7 16 8 12 5 0 8 15 12 22,
29449366,1011,160,  4 1 14 6 0 14 19 16 19 12 4 7 11 5 3 6 3 4 20 3 5 4 16 17 23,
29451898,1594,218,  12 2 17 9 3 20 22 23 23 14 0 6 21 0 0 21 0 0 23 11 17 10 28 24 21,
29451902,1710,221,  15 2 20 9 3 20 24 27 24 11 0 5 23 0 0 19 0 0 24 9 15 10 32 29 21,
29452479,1782,224,  16 1 23 13 6 18 21 37 40 18 0 10 26 0 0 39 0 0 40 9 18 8 20 23 18,
29452634,1657,208,  11 2 22 14 2 31 29 35 36 23 0 7 21 0 0 23 0 0 25 10 7 4 32 24 28,
29458177,861,174,  7 1 11 11 6 13 12 8 22 16 2 2 7 6 6 14 2 3 11 6 9 7 11 10 14,
29476588,993,181,  10 1 15 14 2 17 13 17 18 11 0 4 19 0 0 20 0 0 13 5 4 4 12 19 13,
29476638,1009,170,  8 1 13 15 2 17 13 14 20 9 0 1 18 0 0 17 0 0 18 8 4 4 12 23 16,
29479378,1087,132,  8 3 9 17 3 12 14 16 17 11 0 4 18 0 0 10 0 0 12 6 6 8 8 25 14,
29479394,969,144,  5 3 12 14 3 14 7 17 12 13 0 5 21 0 0 7 0 0 8 6 8 7 8 30 18,
29493019,869,144,  4 1 13 11 2 8 9 8 9 13 8 4 14 8 3 8 8 13 9 5 6 7 13 9 18,
29495043,1315,132,  15 3 14 9 3 14 13 21 21 16 0 5 9 0 0 13 0 0 16 5 8 4 21 25 16,
29495063,1418,129,  14 3 12 10 3 15 16 21 21 22 0 5 10 0 0 13 0 0 16 6 8 5 20 27 20,
29506823,962,209,  10 2 16 12 1 11 17 11 19 14 1 3 21 3 2 16 3 6 8 4 15 9 17 16 11,
29506829,1010,188,  7 2 15 12 2 9 17 12 17 13 1 3 19 3 2 15 3 5 6 3 15 8 17 18 10,
29518749,1502,168,  8 2 9 22 3 32 26 20 27 23 0 8 18 0 4 22 2 0 24 11 13 10 19 20 27,
29521362,766,134,  6 3 14 5 2 4 12 8 11 7 4 1 5 5 5 9 3 5 12 2 6 9 10 9 15,
29521406,742,141,  4 3 16 9 2 7 13 9 7 7 4 2 8 6 6 10 2 4 9 2 4 7 8 9 12,
29525631,859,151,  4 2 10 9 0 6 5 18 6 11 2 6 7 10 4 9 3 2 10 2 4 5 21 17 17,
29525632,890,144,  4 2 10 10 0 7 6 17 6 10 2 5 11 10 4 9 4 2 12 2 4 6 19 16 14,
29532342,942,178,  8 0 13 11 1 13 15 9 15 13 2 6 9 3 7 5 3 8 13 6 11 6 20 13 21,
29540858,905,138,  3 2 10 10 0 10 14 11 10 17 4 2 13 10 3 9 5 7 3 8 5 2 16 14 14,
29574300,996,162,  3 3 13 9 2 9 11 17 14 19 1 8 14 6 5 7 6 3 15 4 10 3 17 18 14,
29574336,1025,186,  4 3 19 10 3 11 13 19 14 18 1 8 20 5 5 13 6 0 12 6 10 6 14 17 22,
29574367,954,183,  6 2 18 8 2 13 13 16 14 17 0 8 16 4 4 11 3 0 12 4 8 6 12 20 22,
29576834,1427,244,  19 2 18 22 2 16 16 34 22 10 0 8 29 0 0 18 0 0 21 3 6 4 21 23 24,
29576863,1390,214,  14 1 19 18 2 14 17 35 14 9 0 4 27 0 0 18 0 0 15 7 6 7 23 21 22,
29592566,985,222,  7 3 21 14 1 14 21 17 18 12 3 3 14 7 3 18 1 2 12 5 11 6 11 21 28,
29598785,981,197,  6 4 13 12 2 19 15 14 17 8 2 3 7 6 5 12 0 5 18 10 6 8 18 14 13,
29600258,1276,210,  10 3 17 11 4 32 13 21 18 15 0 4 12 1 0 18 0 0 26 12 10 4 18 17 30,
29613046,802,163,  5 4 12 9 0 10 10 9 3 15 10 3 14 3 1 7 8 16 9 6 5 4 13 13 25,
29614933,824,97,  4 3 10 4 3 8 9 14 7 4 2 2 17 2 2 10 6 3 14 5 11 5 11 12 9,
29617752,1401,225,  13 3 12 16 1 13 26 20 14 19 0 3 21 0 0 20 0 0 16 3 11 7 27 21 36,
29625672,1329,235,  13 5 21 16 1 25 18 19 22 21 1 7 20 0 6 22 7 5 18 6 13 7 24 17 28,
29636555,1556,275,  15 2 19 17 6 21 21 29 26 17 0 7 29 0 0 20 0 0 26 5 16 9 17 24 28,
29668880,1931,272,  15 2 19 24 5 36 27 39 39 17 0 8 31 0 0 44 0 0 33 6 6 7 19 39 34,
29668927,1885,231,  19 2 20 22 5 27 26 26 31 17 0 8 29 0 0 33 0 0 25 5 10 7 17 33 28,
29668931,2013,227,  19 2 20 22 5 27 24 28 34 17 0 8 27 0 0 36 0 0 28 5 11 6 17 34 29,
29668937,2012,225,  18 2 21 23 6 28 25 24 33 17 0 8 30 0 0 34 0 0 26 5 10 6 18 34 31,
29723610,1478,180,  13 5 11 19 3 33 19 26 22 17 0 4 16 0 0 19 0 0 18 5 15 6 17 15 23,
29728984,1212,139,  7 4 26 10 2 18 21 15 23 14 0 6 13 0 1 9 0 0 15 8 6 4 16 24 26,
29729002,1009,127,  6 4 18 10 2 19 18 16 21 10 0 5 11 0 1 11 0 0 14 9 5 4 15 18 23,
29729011,1202,119,  7 4 23 10 2 24 18 16 21 15 0 5 10 0 1 9 0 0 11 7 7 3 14 22 22,
29735503,701,208,  5 3 12 15 1 11 17 24 19 10 0 6 11 0 0 16 0 0 14 3 4 9 16 12 13,
29747366,1514,254,  9 2 13 16 4 21 25 30 28 20 0 8 25 0 0 24 0 0 21 10 11 11 31 31 29,
29747498,1270,215,  14 2 16 18 5 17 20 31 17 17 0 11 18 0 1 23 0 0 17 9 8 14 24 24 19,
29747501,1292,218,  14 2 16 24 6 20 22 29 16 17 0 10 20 0 1 20 0 0 19 9 10 15 26 27 20,
29778181,1524,195,  10 5 14 15 0 20 16 25 20 18 0 11 17 0 0 19 0 0 28 7 4 16 20 19 23,
29789717,1051,172,  8 0 14 15 3 12 13 15 19 9 1 3 13 0 1 13 1 1 7 5 9 4 17 12 23,
29806650,966,123,  6 0 19 19 1 18 16 15 9 14 0 5 12 0 2 7 1 2 20 6 11 4 20 12 20,
29812547,1676,190,  11 2 17 20 4 22 20 26 20 19 0 0 25 0 0 17 0 0 22 10 9 7 15 27 21,
29828352,1751,180,  11 2 15 22 0 23 16 30 23 22 0 9 22 0 0 27 0 0 21 5 7 10 27 28 24,
29831434,1003,202,  3 1 22 17 3 11 27 20 13 9 4 8 16 5 5 23 4 3 15 5 9 4 11 12 22,
29836122,710,189,  9 4 14 13 3 10 15 13 21 16 1 1 6 2 7 11 2 3 9 10 4 3 12 12 15,
29836142,738,178,  9 4 14 13 4 8 14 11 18 15 1 0 7 2 6 11 2 4 6 10 4 2 12 11 15,
29836157,750,164,  6 4 15 11 4 8 11 11 17 15 0 0 5 3 6 9 1 3 9 8 5 2 13 8 13,
29850230,977,243,  12 2 12 16 0 8 13 22 24 7 0 6 16 2 2 21 2 0 14 6 8 8 15 22 18,
29853683,1670,248,  13 7 8 24 2 30 37 34 32 19 0 4 31 0 0 28 0 0 43 9 15 8 19 24 21,
29854013,1340,236,  11 2 8 17 5 24 25 24 31 16 0 4 19 0 0 24 0 0 18 12 9 5 24 18 28,
29854067,1588,182,  13 0 12 19 4 24 22 19 28 12 0 3 18 0 0 18 0 0 24 9 13 5 19 12 19,
29854122,1460,228,  14 0 21 15 4 31 29 30 20 14 0 5 25 0 0 25 0 0 33 11 13 5 13 10 29,
29854151,1478,209,  15 0 23 16 4 26 27 29 16 17 0 5 20 0 0 21 0 0 31 8 15 5 15 13 29,
29856169,993,128,  6 2 12 12 0 15 15 11 20 9 5 5 11 3 7 15 3 8 10 4 5 7 8 5 20,
29859331,1039,222,  7 3 12 16 3 29 23 12 16 13 5 2 16 7 10 14 4 3 10 5 5 6 6 19 20,
29861029,942,168,  9 3 18 10 3 13 17 14 15 9 2 3 8 3 4 10 3 2 13 4 6 4 17 9 19,
29911928,1916,318,  12 0 20 31 1 33 28 44 39 29 0 6 25 0 0 39 0 0 28 9 12 8 25 31 32,
29925371,1097,198,  6 3 14 11 0 18 19 18 10 11 6 6 19 8 4 12 5 11 18 4 13 5 20 15 19,
29925393,1049,172,  6 3 11 10 0 12 17 15 13 11 5 6 15 8 4 10 4 10 15 5 9 5 16 13 20,
29934868,1080,200,  9 2 21 16 0 21 22 15 21 14 0 4 17 0 3 16 0 0 17 6 14 7 14 20 24,
29942605,998,150,  6 0 11 17 0 14 16 9 9 10 0 4 10 2 5 10 4 2 14 6 8 8 12 13 13,
29944386,867,191,  12 1 12 11 2 10 15 14 14 11 9 5 11 16 5 14 10 10 8 6 10 4 13 13 22,
29944701,853,156,  12 1 18 11 2 12 17 10 6 14 4 2 13 12 7 6 6 7 6 5 9 4 16 5 15,
29951041,894,157,  7 4 15 5 4 15 10 11 9 15 5 4 14 4 8 8 7 5 12 3 8 7 16 15 21,
29951515,894,187,  13 3 8 11 2 17 18 10 13 12 3 8 11 3 4 6 4 3 12 4 7 14 14 13 22,
29986628,1309,118,  11 2 13 6 2 10 22 23 16 15 0 7 21 0 2 12 0 0 13 5 11 6 20 18 19,
29996148,1427,190,  7 3 13 20 4 17 22 25 24 21 0 7 16 0 0 19 0 0 19 9 5 7 8 18 32,
29996693,1117,158,  8 0 13 10 1 18 29 16 12 13 0 4 17 3 0 11 7 6 16 5 6 5 10 12 15,
30009132,851,162,  3 0 17 12 3 9 15 14 21 11 3 0 6 4 3 13 5 5 9 6 8 2 19 3 27,
30010023,1169,205,  11 2 14 14 3 22 21 13 13 13 0 8 8 2 1 20 7 2 24 5 6 4 11 17 28,
30072367,1392,244,  13 5 14 15 3 27 19 33 25 14 0 5 26 0 0 21 0 0 20 7 17 3 20 22 26,
30074177,847,167,  7 2 9 11 1 11 13 15 12 11 2 3 11 6 6 22 6 7 11 5 6 2 10 11 21,
30079791,968,189,  7 3 17 14 1 15 7 12 13 14 6 4 9 7 6 10 6 7 11 10 6 4 18 19 31,
30082047,868,107,  3 2 12 11 0 13 9 8 7 12 4 6 17 8 5 9 10 7 8 5 6 6 9 8 10,
30088838,1877,243,  16 3 17 23 0 26 33 31 43 18 0 12 30 0 0 24 0 0 27 8 15 12 29 14 26,
30089283,1495,260,  11 3 21 29 3 19 23 18 30 22 0 4 23 0 2 34 0 0 19 11 12 2 22 19 29,
30089458,1484,241,  14 4 18 23 0 26 22 25 28 13 0 6 28 0 0 20 0 0 26 10 16 3 23 19 21,
30089469,1280,241,  15 4 17 19 0 21 20 25 27 14 0 7 26 0 0 20 0 0 24 9 17 3 15 15 23,
30089470,1293,229,  13 4 15 20 0 24 14 27 22 13 0 7 22 0 0 19 0 0 20 8 17 3 13 17 18,
30108011,1434,189,  11 1 20 14 1 23 20 19 23 18 1 5 12 1 0 18 0 0 26 10 11 8 25 12 21,
30110865,800,182,  4 2 9 13 2 15 12 14 10 19 2 8 13 11 6 10 8 7 14 5 7 4 9 8 15,
30134711,1401,187,  8 3 21 22 1 15 14 21 24 11 0 8 14 0 0 23 0 0 19 11 11 8 16 19 30,
30140085,781,207,  5 1 12 10 1 11 9 10 10 10 3 4 12 7 5 14 10 9 15 7 5 6 18 11 15,
30140110,940,207,  5 1 16 10 1 12 10 8 12 11 5 4 15 8 8 14 11 9 13 5 4 8 19 15 11,
30141034,1048,184,  10 1 8 7 1 11 25 9 14 22 0 4 5 0 6 20 3 2 20 6 14 6 18 15 16,
30147894,1289,137,  9 3 25 18 4 17 17 20 22 21 0 12 14 0 1 20 0 0 22 5 7 7 18 23 19,
30174334,1091,238,  10 3 24 18 0 22 16 15 19 13 0 6 13 0 0 19 0 0 23 10 7 5 14 16 30,
30187075,911,201,  10 2 11 12 3 15 15 16 21 14 0 7 11 1 3 17 5 1 13 8 5 8 16 17 22,
30187153,982,207,  8 1 17 9 2 15 12 20 20 13 0 6 17 2 3 17 3 1 20 3 9 4 13 20 19,
30187174,1047,207,  6 1 15 8 2 16 16 22 25 10 0 6 20 2 3 14 3 1 19 3 9 4 15 21 23,
30198359,1289,246,  12 1 14 18 4 27 13 27 19 16 0 11 33 0 0 23 0 0 20 3 12 9 22 18 22,
30207534,1322,196,  6 0 19 28 0 21 34 17 16 17 0 6 18 0 0 13 0 0 27 2 11 2 18 22 24,
30207563,1249,185,  4 0 15 24 1 22 35 18 18 18 0 7 13 0 0 17 0 0 26 4 12 3 17 22 26,
30232720,1230,183,  6 5 11 11 3 23 22 16 18 14 0 4 24 3 4 9 2 0 16 6 18 5 21 26 15,
30232721,1157,200,  7 5 11 14 3 23 23 17 21 13 0 5 24 3 4 8 2 0 18 6 19 5 22 23 16,
30250416,1028,165,  7 2 10 14 0 16 18 16 18 15 2 7 13 2 4 15 3 4 13 10 10 7 15 9 12,
30292066,1344,216,  11 2 6 18 1 14 18 13 27 29 0 9 13 0 0 27 0 0 14 5 11 10 16 16 33,
30304342,1138,190,  8 1 10 7 2 18 20 13 16 19 1 5 15 1 4 17 3 0 11 7 11 8 14 29 18,
30310721,1298,213,  9 4 19 17 4 25 20 14 19 15 0 6 22 0 0 18 0 0 17 13 12 6 16 16 23,
30310742,1317,223,  11 3 19 15 3 21 23 11 21 15 0 6 19 0 0 17 0 0 22 14 16 5 13 21 20,
30312867,910,191,  7 3 19 11 2 9 21 9 19 17 3 4 9 11 6 11 7 6 10 5 6 6 16 11 21,
30314394,1179,203,  6 2 14 15 5 15 17 19 19 13 7 5 12 3 8 14 3 2 13 8 7 5 19 20 13,
30324132,857,159,  5 3 15 15 1 13 13 8 17 9 6 2 10 13 2 6 8 5 8 8 5 8 17 9 19,
30326064,870,196,  9 0 10 15 2 14 13 17 11 19 2 1 5 6 3 8 3 4 16 7 12 10 11 21 15,
30326099,978,190,  11 1 7 20 2 20 14 19 16 17 2 1 9 6 4 8 5 8 15 6 13 9 13 17 14,
30350592,1128,190,  6 2 11 11 3 17 18 16 28 17 0 6 13 0 0 13 0 0 19 8 15 7 11 22 27,
30355603,1339,211,  11 2 14 20 2 25 22 18 25 18 0 7 19 0 0 19 0 0 23 6 12 7 20 19 21,
30398776,1384,255,  16 5 20 20 5 18 30 16 25 15 0 10 22 0 0 26 0 0 17 2 14 3 18 17 24,
30399057,1366,206,  11 0 12 15 2 18 31 26 24 14 0 7 15 0 0 18 0 0 16 8 13 6 20 20 23,
30399078,1594,214,  14 1 8 20 2 20 35 29 29 21 0 7 19 0 0 20 0 0 17 7 14 8 23 23 22,
30426985,772,142,  2 0 15 6 5 10 16 5 8 5 7 3 8 17 2 6 9 12 7 6 7 5 12 13 18,
30428180,790,167,  7 1 13 11 2 15 12 9 6 12 10 5 5 14 7 9 9 16 12 4 8 4 12 9 14,
30446480,927,176,  7 5 21 7 0 14 13 13 12 13 4 4 14 8 6 10 10 6 11 6 5 4 9 12 29,
30470245,819,127,  3 2 14 7 0 15 11 10 8 16 0 4 16 0 4 6 0 0 12 5 6 2 11 13 10,
30479754,1526,116,  9 3 12 22 4 25 13 29 21 7 0 7 21 0 0 23 0 0 18 9 10 4 13 12 15,
30482109,930,185,  6 0 23 8 1 11 21 13 21 11 2 2 14 4 5 15 3 2 9 8 7 3 5 17 23,
30486750,991,200,  9 3 13 13 2 17 12 14 19 11 1 4 12 1 3 12 5 1 19 5 10 6 13 22 17,
30496262,1684,199,  12 4 16 10 3 26 29 33 33 19 0 4 29 0 0 29 0 0 20 10 10 9 21 19 24,
30512205,1647,249,  21 8 17 24 2 36 36 22 29 25 0 7 23 0 0 21 0 0 31 12 14 8 23 24 27,
30515151,1175,171,  8 1 15 20 5 27 16 17 20 14 0 6 12 0 0 17 0 0 26 8 7 3 20 19 26,
30519820,1473,144,  8 3 13 13 1 20 17 20 28 18 0 6 19 0 0 21 0 0 20 6 7 9 10 22 17,
30519825,1513,150,  11 3 15 14 2 18 17 21 29 18 0 6 18 0 0 16 0 0 23 7 7 8 11 24 16,
30557888,1205,241,  7 2 14 15 0 18 16 23 38 22 0 9 22 0 0 17 0 0 22 8 10 6 17 16 27,
30583633,1147,159,  6 2 20 15 2 20 26 26 21 14 0 2 12 0 3 17 1 0 8 1 4 8 11 17 16,
30589575,860,153,  5 3 13 10 0 12 17 6 14 13 0 6 7 2 4 9 7 7 12 6 10 3 16 11 25,
30643439,969,222,  5 1 11 17 1 19 13 18 25 16 0 5 15 0 5 21 3 2 15 3 11 8 20 11 22,
30648868,1414,243,  8 5 12 16 2 24 23 30 23 10 0 11 32 0 0 30 0 0 23 3 10 4 21 16 30,
30685382,734,107,  6 0 7 14 2 5 7 7 11 7 0 1 8 2 3 8 0 0 12 3 5 6 15 16 9,
30707715,1181,135,  8 2 15 19 1 18 16 15 23 16 0 7 7 0 0 16 0 0 14 6 5 4 12 18 17,
30728336,1257,200,  7 6 12 15 2 15 25 13 26 12 0 6 14 0 0 16 0 0 16 11 13 3 24 14 20,
30733971,910,199,  6 3 8 11 1 10 12 14 19 14 2 3 13 9 6 19 3 4 11 8 15 8 11 18 20,
30741303,847,130,  6 0 9 15 3 6 7 5 15 7 8 1 12 10 6 8 13 8 13 9 3 3 12 8 18,
30741305,792,145,  5 0 11 16 3 6 7 7 15 7 7 1 11 11 6 9 12 8 9 10 2 3 11 8 17,
30758667,914,149,  9 0 9 17 0 10 19 12 13 14 2 3 11 0 3 10 2 6 16 7 9 3 11 11 20,
30777063,610,135,  1 0 4 3 0 10 11 9 8 9 0 4 14 0 3 12 1 0 13 3 3 4 12 16 19,
30781558,704,128,  6 2 12 6 0 8 13 4 12 13 2 5 9 2 6 11 1 1 12 3 6 8 15 12 14,
30782161,602,148,  2 3 13 11 0 5 8 17 6 12 2 3 7 4 5 10 2 3 11 5 3 6 12 16 20,
31088119,711,141,  3 0 13 10 0 7 7 13 8 7 9 4 7 15 4 9 5 16 4 6 4 8 6 10 9,
31090185,838,187,  6 2 11 13 3 13 13 11 10 11 5 4 22 8 4 11 10 9 11 6 3 10 12 11 18,
31163257,1216,238,  4 1 22 17 0 19 17 22 19 12 0 6 24 0 0 21 0 0 19 4 7 6 15 21 30,
31163543,897,178,  4 2 13 9 1 19 20 8 6 17 0 3 8 6 5 13 5 10 8 8 11 8 12 14 19,
31166196,1339,281,  14 4 16 13 3 22 27 30 28 19 0 4 23 0 0 19 0 0 14 12 8 6 22 27 31,
31171196,1048,221,  8 4 23 16 3 8 19 20 24 14 0 9 16 4 3 16 8 3 8 4 5 4 11 17 25,
31172467,747,169,  4 0 10 9 1 11 7 11 5 10 4 6 12 9 4 10 3 15 10 3 10 8 8 8 17,
31194575,1122,218,  7 3 10 13 4 11 16 18 20 13 1 3 18 4 4 10 2 4 18 9 10 7 21 20 24,
31196826,881,166,  9 2 12 12 3 13 13 13 13 8 3 3 13 6 8 12 3 6 16 6 4 8 14 8 15,
31210573,953,203,  3 0 12 9 0 17 19 12 16 7 3 9 13 6 7 12 6 7 9 9 16 7 12 17 23,
31226025,901,141,  8 1 12 14 2 10 11 12 8 8 3 2 7 7 3 14 7 6 10 3 3 4 15 9 20,
31251737,761,203,  6 3 10 10 1 9 26 12 8 16 8 5 12 10 7 9 4 12 10 6 8 4 16 9 17,
31261788,983,216,  2 0 7 10 0 19 21 18 20 9 1 1 12 6 6 15 7 7 18 8 10 5 17 16 30,
31261832,975,182,  6 0 8 8 0 13 26 16 21 10 2 1 10 7 8 12 9 4 12 8 10 3 15 16 24,
31265838,850,192,  6 2 10 10 4 10 19 9 14 14 0 4 15 7 3 13 6 4 10 5 7 8 13 14 17,
31266495,1043,231,  6 0 15 16 8 20 23 12 26 18 0 4 9 2 8 11 1 1 18 5 8 7 16 25 33,
31294732,1349,244,  11 2 21 13 5 15 22 32 24 16 0 11 22 0 4 19 0 0 18 8 16 12 20 13 17,
31294736,1499,254,  13 1 21 14 5 19 26 31 31 18 0 11 22 0 3 22 0 0 23 8 11 12 23 20 17,
31294763,1350,256,  11 0 15 13 5 17 22 35 33 17 0 9 18 0 2 20 0 0 24 7 12 12 18 26 15,
31294790,1509,260,  15 0 18 18 4 23 23 38 29 16 0 8 18 0 0 26 0 0 28 5 11 12 23 30 17,
31296414,1064,193,  6 2 20 7 1 13 18 19 15 17 2 1 20 5 0 14 1 4 21 8 5 5 16 10 17,
31309121,1583,216,  4 5 19 16 0 24 22 24 30 14 0 8 28 0 0 21 0 0 23 8 8 9 28 27 18,
31311671,1570,307,  17 2 25 22 7 25 31 20 25 18 0 7 21 0 0 28 0 0 32 8 16 7 29 19 25,
31314788,836,169,  3 1 11 6 0 15 11 12 8 19 9 3 11 12 6 12 8 9 17 7 4 3 9 10 16,
31341258,993,175,  5 0 11 10 2 16 21 18 15 13 6 7 9 7 7 8 7 7 14 5 6 8 12 9 10,
31341259,987,180,  6 0 14 8 2 18 21 14 14 14 6 7 10 7 7 12 8 7 18 7 5 8 12 10 10,
31347843,843,154,  3 3 13 10 2 7 10 7 19 11 9 4 15 11 9 13 9 11 5 2 2 0 11 10 13,
31349853,1173,142,  8 5 13 8 1 19 20 11 3 10 0 5 12 0 1 13 0 0 13 6 12 7 14 8 18,
31361139,912,181,  5 2 7 7 0 14 13 13 21 12 7 0 16 6 8 13 4 9 15 5 8 8 12 15 18,
31399370,992,171,  6 2 9 15 2 11 13 13 23 14 0 2 6 4 8 12 4 3 9 5 5 4 14 22 19,
31416466,980,187,  6 6 6 8 2 7 21 12 21 11 7 4 16 10 3 10 12 10 12 8 4 3 11 11 22,
31417422,1059,206,  10 0 15 11 0 19 16 14 19 16 3 3 9 4 3 12 3 2 16 6 10 7 22 18 24,
31417425,1035,209,  9 0 17 8 0 17 17 11 22 16 3 3 8 4 3 11 4 2 15 7 9 7 20 18 26,
31453252,832,206,  5 2 9 7 0 16 13 11 12 9 3 3 9 4 7 9 10 2 10 2 5 6 12 8 22,
31455748,815,165,  5 0 15 7 2 21 10 12 10 15 0 7 11 0 0 11 0 0 11 4 15 6 19 15 11,
31455749,851,168,  6 0 16 8 2 21 11 17 12 16 0 7 14 0 0 10 0 0 11 4 17 6 19 15 13,
31459441,880,171,  3 2 17 15 1 9 10 11 11 9 2 3 13 7 3 14 7 4 10 5 10 3 14 16 21,
31504802,1208,172,  10 4 9 17 5 11 14 27 23 24 4 3 17 1 4 10 2 4 21 7 8 3 17 26 18,
31595024,1134,223,  11 2 18 15 3 30 16 26 16 20 0 4 30 0 0 10 0 0 38 5 8 2 14 21 16,
31615836,1585,233,  7 4 14 22 3 23 22 24 25 25 0 4 27 0 0 22 0 0 21 11 15 1 21 19 26,
31615844,1553,290,  12 4 16 23 3 23 26 24 25 25 0 4 29 0 0 29 0 0 27 9 16 1 25 22 25,
31615858,1555,292,  13 3 18 21 3 23 33 26 24 23 0 5 29 0 0 27 0 0 26 10 10 1 26 23 24,
31615869,1499,307,  14 4 16 24 2 27 31 27 27 23 0 5 27 0 0 29 0 0 29 11 12 1 25 22 26,
31633533,917,191,  5 0 18 9 0 13 12 11 15 12 2 7 9 5 4 15 6 4 15 7 5 4 14 19 18,
31640141,1650,220,  8 2 12 20 2 30 20 16 29 12 0 5 29 0 0 27 0 0 28 8 11 11 19 26 22,
31640146,1582,197,  7 2 10 19 2 29 21 15 25 11 0 5 28 0 0 25 0 0 25 7 10 11 19 27 21,
31640158,1651,181,  9 2 9 18 2 28 25 15 25 11 0 6 28 0 0 23 0 0 25 7 12 12 20 22 21,
31640167,1386,175,  8 2 9 16 2 21 25 15 25 10 0 6 24 0 0 21 0 0 22 5 11 10 17 23 17,
31652467,658,149,  2 2 16 5 0 12 8 7 14 16 6 5 10 11 9 5 11 13 13 7 6 5 6 6 15,
31696103,945,194,  7 3 10 9 0 13 22 13 18 11 4 1 12 15 2 10 9 9 13 5 8 5 11 11 20,
31698187,1188,247,  5 3 13 12 4 20 24 19 16 21 2 4 24 2 2 16 2 5 20 7 13 9 21 14 27,
31714028,1071,392,  10 2 12 14 0 12 15 18 16 18 0 4 17 0 3 10 3 4 11 4 9 4 12 7 25,
31716063,869,213,  7 0 4 9 2 11 12 12 17 6 5 4 5 6 5 7 4 5 8 1 6 4 12 9 8,
31734938,1075,274,  7 3 13 11 2 22 21 11 24 13 1 5 26 2 3 13 1 5 13 14 11 3 13 23 22,
31748949,936,140,  3 2 13 6 2 13 13 10 12 9 3 3 8 7 0 12 10 4 10 6 8 4 13 20 25,
31769703,870,213,  1 2 7 7 1 16 14 16 11 12 5 6 7 7 9 11 6 8 13 5 8 5 10 16 21,
31771869,929,217,  5 0 8 16 3 18 17 11 18 14 0 2 16 3 5 13 5 5 9 5 11 5 19 14 29,
31771912,910,186,  7 0 6 10 2 13 22 10 15 11 1 4 14 2 4 6 7 3 8 5 6 5 17 15 23,
31792921,1321,249,  7 5 17 11 2 16 24 15 23 11 3 4 36 2 5 16 5 2 20 9 9 5 18 20 22,
31794647,1330,183,  2 2 14 13 2 11 20 6 6 11 0 5 29 0 2 19 2 0 12 6 11 5 16 11 28,
31812975,1333,284,  16 1 17 18 0 14 33 22 34 17 0 3 23 0 2 20 0 0 26 7 13 8 14 23 26,
31815133,987,267,  8 5 12 12 2 14 12 12 26 14 3 6 24 3 3 20 6 0 14 8 8 6 17 19 21,
31824063,1056,199,  6 1 20 12 3 17 15 17 18 16 2 2 13 3 2 9 3 1 8 7 12 7 21 10 30,
31862709,1220,205,  10 1 19 16 3 16 15 20 28 13 0 4 20 0 0 18 0 0 19 6 10 5 17 18 25,
31889085,1533,170,  9 2 14 19 2 21 25 21 21 16 0 7 24 0 0 13 0 0 15 9 11 11 18 21 24,
31935207,774,174,  6 2 19 9 2 6 13 17 18 10 4 6 7 9 5 13 5 6 8 5 6 3 5 15 11,
31956291,972,180,  7 3 15 15 0 11 8 8 14 20 0 3 14 1 0 18 1 0 12 4 8 7 16 11 13,
31966431,1035,192,  7 0 20 10 4 25 7 11 17 9 0 6 8 1 4 19 4 2 18 8 4 10 15 11 12,
31999544,711,116,  5 0 8 12 4 11 13 10 12 10 1 3 9 0 1 5 2 1 11 5 6 3 13 13 14,
32033021,1036,224,  9 2 13 15 2 20 20 17 15 14 0 2 16 9 4 12 4 2 15 6 7 6 11 8 25,
32033043,1057,225,  9 2 14 18 3 18 22 17 15 11 1 2 14 9 5 12 4 2 15 5 8 5 12 9 19,
32034071,858,121,  3 0 11 12 1 15 9 15 15 11 1 2 8 2 4 9 2 5 14 5 9 10 10 14 16,
32234377,1196,253,  5 5 19 20 0 23 18 14 29 27 1 3 17 2 0 21 3 3 14 7 14 5 16 19 24,
32244330,1002,145,  7 4 15 13 4 17 10 13 17 8 3 3 9 0 0 13 1 2 15 6 8 6 10 16 8,
32244341,913,170,  5 4 15 14 5 14 8 13 18 7 3 4 11 0 1 13 1 2 9 5 5 5 10 17 11,
32273550,973,207,  6 0 19 10 0 11 13 13 13 15 1 3 16 6 8 11 4 9 17 7 6 8 15 17 28,
32294015,956,236,  7 2 11 14 2 16 20 13 18 16 1 3 24 2 5 7 2 0 18 8 15 5 13 24 21,
32294032,856,216,  7 3 11 13 2 15 15 14 17 11 0 4 20 2 5 9 3 0 20 6 10 6 15 18 19,
32309923,1139,196,  8 3 12 11 4 14 18 13 17 14 0 4 10 0 2 15 1 0 16 8 5 6 21 15 19,
32313482,849,211,  5 3 19 12 2 11 16 7 13 17 3 3 14 4 7 10 3 2 17 1 6 5 17 10 25,
32339462,1291,173,  8 1 18 12 0 18 16 22 20 16 0 10 15 0 3 16 0 0 23 9 11 10 16 16 25,
32339870,1186,177,  8 1 14 17 3 20 18 18 11 15 0 3 22 0 2 15 0 0 20 7 13 7 9 20 19,
32374267,1626,303,  17 0 22 14 2 30 34 30 42 25 0 7 28 0 0 22 0 0 18 9 5 9 16 19 36,
32423717,1365,199,  9 2 13 23 2 19 24 25 15 14 1 8 23 2 1 25 1 2 22 4 8 7 14 28 32,
32430754,1414,188,  13 2 13 13 2 20 15 20 19 16 0 4 24 0 0 23 0 0 15 5 8 4 15 18 20,
32430829,1381,145,  7 1 7 5 1 11 14 16 16 10 0 5 16 0 2 21 0 0 15 8 7 1 14 17 21,
32455416,699,196,  4 1 8 7 0 10 12 9 12 10 1 2 12 8 7 11 4 4 13 3 5 8 14 11 25,
32464624,836,194,  9 0 16 6 0 9 12 19 20 12 7 14 13 8 6 11 6 8 10 4 2 6 16 14 25,
32464802,1013,184,  7 2 21 12 0 16 18 19 15 10 5 6 14 11 8 12 9 11 12 4 3 7 17 14 22,
32474164,1174,190,  11 1 18 12 2 15 16 15 17 14 0 4 13 0 1 19 0 0 13 7 13 8 23 14 22,
32474180,1285,193,  10 1 19 19 1 14 14 22 17 15 0 5 16 0 1 19 0 0 16 7 12 8 22 19 24,
32474215,1316,177,  11 1 19 15 1 15 12 28 24 12 0 5 15 0 1 18 0 0 12 6 15 6 19 19 29,
32476579,709,186,  4 1 7 10 2 13 15 15 13 10 3 6 8 12 4 6 11 5 6 3 4 6 8 16 23,
32479247,624,163,  5 1 12 7 0 6 10 19 4 12 2 8 6 6 3 10 5 6 7 5 7 6 9 8 16,
32481767,903,150,  6 1 10 14 0 14 19 11 8 9 1 2 10 2 3 10 4 5 9 4 12 4 15 10 18,
32482002,938,194,  7 5 15 11 0 15 14 10 14 19 2 4 12 2 3 15 1 4 11 6 11 8 15 13 27,
32488804,1063,197,  5 0 9 7 6 18 11 12 27 12 5 7 18 5 6 13 6 3 18 7 10 5 12 17 21,
32500893,1301,225,  3 6 12 17 5 23 19 15 25 21 0 2 17 0 0 17 1 1 10 10 7 6 16 18 29,
32500909,1266,220,  5 6 15 15 6 22 15 15 23 21 0 3 21 0 0 20 1 1 11 6 9 5 16 20 31,
32503207,1374,244,  5 3 17 17 2 23 24 29 13 23 0 5 19 0 0 26 0 0 27 1 9 9 11 17 32,
32514358,817,123,  2 0 7 8 1 8 14 9 8 10 9 5 6 10 10 8 9 4 5 2 8 6 5 5 19,
32514373,706,147,  1 0 8 7 1 8 13 6 9 10 10 5 6 10 11 10 8 5 10 2 9 5 8 7 13,
32529074,1287,273,  8 4 19 15 1 18 23 29 31 22 0 4 20 0 3 15 3 0 19 13 11 6 18 23 34,
32531894,1355,219,  5 0 17 18 4 25 23 21 24 7 0 4 26 0 0 21 0 0 26 12 6 6 15 22 19,
32562724,1008,144,  4 0 9 7 0 17 20 7 13 18 0 3 12 1 4 9 4 3 9 8 7 3 14 10 16,
32612073,972,217,  6 5 10 13 5 15 18 17 18 19 0 3 17 3 4 13 1 3 16 5 9 6 16 18 18,
32630800,1292,227,  6 2 14 20 1 21 18 23 25 15 0 8 12 0 2 22 0 0 17 11 9 11 16 18 19,
32636544,1051,185,  5 3 15 16 4 14 19 15 14 12 6 6 11 6 4 9 4 4 9 8 6 8 15 8 18,
32654246,667,184,  1 2 8 11 4 9 15 13 7 15 9 5 7 10 1 3 8 13 15 4 7 5 11 7 14,
32669240,945,194,  6 3 11 13 0 14 20 8 20 18 1 3 16 0 4 12 0 0 14 5 10 5 11 16 23,
32682927,784,164,  4 2 11 12 2 13 12 14 13 7 4 2 13 5 2 12 6 2 6 4 8 2 14 13 14,
32705844,1616,210,  13 3 23 13 4 28 23 28 25 14 0 9 25 0 0 23 0 0 31 6 15 8 20 20 19,
32712204,992,377,  12 2 14 15 1 24 24 22 22 19 1 11 16 7 8 16 2 5 23 6 8 6 20 26 25,
32787761,843,174,  3 3 18 12 2 13 10 7 18 15 6 8 12 10 7 9 6 9 12 4 9 4 10 12 15,
32850571,759,213,  10 2 7 10 2 14 14 9 19 16 1 4 14 3 5 14 4 5 6 5 10 6 17 16 13,
32858820,1634,237,  9 4 22 20 4 20 28 31 34 15 0 8 25 0 0 19 0 0 20 9 14 5 27 27 20,
32858884,1700,231,  9 3 24 18 5 23 31 28 26 16 0 7 17 0 0 23 0 0 20 11 21 6 25 22 26,
32859516,1140,197,  4 0 19 10 1 13 25 23 14 19 0 5 15 3 2 17 0 4 24 8 9 9 20 22 19,
32865115,953,221,  4 5 11 14 3 11 16 8 15 13 0 5 13 2 8 12 4 8 9 9 6 7 21 18 24,
32865293,1016,128,  7 2 9 6 3 11 10 13 11 10 3 4 11 8 13 8 3 10 11 8 4 3 13 12 20,
32888183,983,232,  11 0 10 16 0 17 15 12 19 15 1 8 16 6 5 15 2 0 10 6 10 5 13 17 22,
32926618,921,205,  7 4 16 11 1 8 15 13 17 7 3 7 10 2 5 8 3 2 12 1 9 6 14 20 20,
32977202,974,197,  4 0 14 15 0 19 18 11 20 18 1 4 9 3 8 15 13 5 11 9 5 4 14 16 21,
32995615,952,198,  6 0 12 15 2 16 15 12 16 13 1 1 18 6 6 15 8 5 14 6 4 5 18 13 30,
33004063,856,193,  9 2 10 11 1 9 13 4 18 9 2 4 6 1 5 11 7 2 12 8 3 6 12 15 30,
33031005,861,210,  9 1 12 14 3 11 10 14 12 10 6 7 7 5 10 6 5 11 15 8 13 5 21 13 25,
33031131,823,191,  4 3 14 14 2 14 10 6 12 10 6 4 8 5 8 15 6 11 16 4 7 3 17 19 28,
33035012,1283,262,  7 2 21 4 1 21 30 25 23 21 2 5 13 8 3 26 5 2 18 5 12 2 14 21 29,
33054154,994,201,  2 3 16 11 2 14 14 22 11 15 3 5 10 5 1 13 4 6 10 10 5 6 14 20 18,
33054186,1009,212,  4 2 15 17 2 18 16 21 14 15 2 7 14 5 3 11 2 6 7 7 7 8 16 20 20,
33189220,819,204,  7 1 10 10 1 23 9 16 6 12 2 3 9 5 7 10 3 0 11 7 9 7 16 10 20,
33190114,1030,165,  8 1 13 7 2 14 10 8 19 9 0 4 13 2 4 5 2 0 10 12 7 2 18 9 24,
33196614,737,193,  7 1 21 13 0 8 15 4 11 9 9 4 9 12 5 12 10 15 14 4 8 4 16 13 15,
33227036,1105,163,  8 3 17 11 0 18 11 12 15 14 1 5 16 4 4 8 5 0 11 5 8 7 9 15 15,
33230828,1457,184,  8 4 10 10 1 19 9 33 22 15 0 3 14 0 0 23 0 0 22 9 11 10 14 19 24,
33238693,872,163,  6 0 13 8 3 11 22 13 12 18 0 3 14 3 0 7 0 1 14 8 5 7 10 14 9,
33247465,989,163,  15 5 11 14 5 14 14 7 21 12 0 5 12 2 5 12 2 5 16 9 4 5 8 16 16,
33247466,891,175,  11 5 10 13 6 14 15 6 20 13 0 5 11 2 5 11 2 5 15 8 6 4 6 18 16,
33247468,970,176,  13 5 11 16 5 12 15 6 24 12 0 4 13 2 5 12 2 5 16 7 7 5 8 21 16,
33253340,929,172,  7 2 12 8 2 10 12 13 9 17 1 3 12 5 2 8 5 5 16 8 5 3 7 14 25,
33253930,915,175,  4 1 11 9 0 17 16 16 17 10 0 7 10 2 2 13 3 4 11 11 5 2 7 11 16,
33261030,893,192,  3 2 17 7 2 8 16 7 7 8 0 4 9 1 1 12 7 3 7 4 5 10 17 14 28,
33371868,744,164,  7 1 15 8 0 12 17 7 10 7 6 5 7 7 6 8 13 14 6 7 9 8 11 15 16,
33371895,703,177,  5 2 13 6 0 11 20 10 11 10 4 5 6 10 3 8 11 12 9 5 6 7 11 17 17,
33372675,1421,258,  8 0 15 20 5 22 21 17 32 17 0 5 23 0 1 22 0 0 18 10 10 7 25 22 26,
33374215,932,217,  11 2 12 13 0 19 19 11 21 14 0 4 18 0 8 13 2 0 11 11 7 12 11 13 14,
33391951,742,127,  5 2 10 8 2 12 7 10 7 6 2 4 6 8 2 7 3 4 12 1 5 4 12 8 15,
33398404,863,170,  3 0 16 10 3 12 20 6 10 6 5 4 9 12 9 4 6 7 12 5 4 5 15 16 23,
33400484,1007,227,  7 0 16 11 2 19 21 20 23 13 0 2 10 0 2 14 0 0 18 6 7 4 18 17 27,
33410547,1128,220,  8 3 18 17 3 22 21 21 16 18 0 6 8 2 4 21 0 0 17 6 6 6 20 18 16,
33438028,1033,221,  6 1 17 11 3 15 19 21 22 19 0 1 20 0 1 15 0 0 12 10 4 6 15 20 18,
33438746,1167,228,  12 2 18 18 7 21 13 24 20 14 0 5 15 0 2 14 0 0 17 5 7 8 13 14 18,
33438752,1210,242,  16 2 17 15 7 21 19 24 24 16 0 5 16 0 2 15 0 0 16 5 6 7 12 17 20,
33438771,1170,257,  10 3 16 18 6 19 16 24 23 16 0 6 17 0 2 18 0 0 17 5 6 7 13 18 18,
33457430,1495,129,  8 0 14 16 0 17 23 18 18 16 0 3 20 0 0 14 0 0 19 4 13 4 22 19 23,
33471666,1355,235,  10 2 10 18 5 24 21 17 22 18 0 3 11 0 2 18 0 2 21 11 13 6 18 15 30,
33527645,1285,254,  7 2 19 14 3 23 24 25 12 8 0 7 25 0 2 18 2 0 22 18 16 6 18 20 21,
33533671,1121,208,  6 2 13 8 0 18 16 16 22 17 1 3 19 2 5 16 2 4 20 5 6 5 25 24 17,
33544515,1002,189,  7 3 14 12 5 13 20 9 19 14 0 4 14 1 5 8 0 5 26 6 12 3 16 12 21,
33551539,1028,188,  7 2 13 10 2 8 14 14 20 11 0 6 10 6 6 14 7 3 10 7 7 9 27 20 31,
33568311,1063,192,  5 2 10 9 1 14 18 22 32 18 0 3 12 0 1 10 1 0 16 6 7 7 16 17 19,
33568316,1160,182,  6 2 10 8 2 16 17 24 31 15 0 3 13 0 1 12 1 0 15 9 7 7 17 15 21,
33580581,708,190,  8 1 16 11 1 7 11 11 11 7 10 3 5 5 5 16 8 9 11 7 7 2 13 11 13,
33589672,1582,296,  12 3 14 15 3 30 18 31 27 19 0 11 23 0 0 30 0 0 26 8 14 7 20 17 26,
33598972,939,181,  5 0 9 14 1 13 11 12 14 12 1 4 13 6 3 16 2 3 10 7 9 4 10 13 19,
33598980,946,176,  5 0 12 14 1 11 11 15 11 11 1 4 11 5 3 13 2 3 9 7 8 5 9 15 20,
33598986,885,170,  7 0 11 14 1 8 11 9 11 11 1 4 10 5 4 15 2 3 8 5 6 4 9 14 21,
33612229,647,190,  6 0 11 6 3 11 10 7 8 9 2 1 14 7 6 9 8 9 7 4 7 3 16 13 21,
33619609,1229,197,  9 2 14 16 2 18 17 18 15 13 0 10 16 1 2 16 2 5 20 7 8 3 13 22 21,
33625938,893,177,  5 2 16 9 3 10 20 6 18 13 0 4 14 4 2 16 2 1 12 3 7 5 15 14 18,
33633140,1907,221,  15 0 27 15 7 30 26 22 43 16 0 7 31 0 0 26 0 0 29 10 11 4 17 31 22,
33633166,1651,235,  14 0 22 15 4 27 18 21 36 12 0 6 32 0 0 25 0 0 30 13 8 4 17 26 27,
33633192,1854,272,  14 0 19 17 7 34 24 27 45 18 0 4 36 0 0 30 0 0 40 11 11 4 17 36 26,
33633214,1855,221,  14 0 17 16 5 29 19 23 47 17 0 3 33 0 0 27 0 0 38 9 11 3 18 32 26,
33648747,1137,213,  5 4 17 10 5 18 26 12 18 17 0 5 12 3 3 12 4 1 14 11 8 4 15 14 24,
33671838,1398,174,  8 2 21 19 2 14 23 18 14 15 0 8 14 0 2 19 0 0 18 3 9 6 27 13 25,
33675677,1219,191,  10 3 19 18 2 18 26 8 22 13 0 10 16 0 0 18 0 0 21 4 8 8 13 22 21,
33696187,1350,239,  9 4 15 21 2 24 22 26 24 18 0 9 19 0 0 14 0 0 23 7 10 8 23 13 25,
33709145,1204,208,  6 2 17 10 4 14 17 29 25 15 0 6 16 1 5 24 2 0 25 9 10 8 17 11 18,
33709159,1154,154,  2 2 17 10 4 15 14 17 17 11 0 5 13 2 5 21 2 0 15 8 9 8 16 11 18,
33709195,1065,202,  5 1 18 8 2 14 18 23 21 14 0 3 15 3 4 15 2 0 13 6 9 8 13 14 19,
33709214,1092,184,  7 2 18 6 2 16 17 24 16 15 0 4 18 3 4 16 2 0 10 5 13 9 11 11 16,
33713101,965,166,  4 0 12 11 6 15 19 10 15 11 3 6 8 3 2 6 14 4 11 4 8 2 11 12 19,
33713218,886,209,  6 0 17 16 2 8 21 13 20 10 2 4 8 6 4 13 6 2 8 8 14 2 9 21 17,
33722023,1185,194,  8 0 15 19 4 18 13 20 29 15 0 3 20 0 0 29 1 0 20 9 11 10 18 25 28,
33751791,1304,226,  6 2 12 24 0 22 21 22 27 11 0 4 16 0 1 23 0 1 21 4 13 5 16 26 26,
33751795,1283,230,  7 2 9 24 0 22 20 23 26 11 0 4 15 0 1 17 0 1 21 5 11 5 19 29 24,
33751804,1330,222,  4 2 12 22 0 16 18 23 27 11 0 4 16 0 1 18 0 1 20 7 12 5 17 28 26,
33751805,1288,232,  5 2 12 22 0 20 19 23 24 13 0 4 17 0 1 24 0 1 23 7 12 5 14 28 25,
33751828,1171,266,  4 2 13 17 0 14 17 23 28 12 0 3 16 0 1 23 0 1 20 7 10 5 22 26 29,
33787390,1353,239,  12 5 15 19 3 23 21 18 31 23 0 5 18 0 0 15 0 0 21 8 10 9 17 27 21,
33787395,1337,224,  9 5 16 16 3 22 19 17 29 24 0 5 15 0 0 13 0 0 21 8 10 9 17 26 20,
33788582,575,178,  0 6 10 9 0 14 9 4 5 10 8 6 3 7 6 9 5 12 11 5 3 4 20 7 20,
33789505,877,183,  6 2 12 11 3 12 19 11 14 12 5 5 11 14 3 8 3 6 14 6 7 4 12 8 23,
33790910,827,218,  13 1 17 14 0 9 16 17 12 10 0 7 9 3 1 10 0 0 12 3 9 4 10 8 18,
33791023,1069,195,  9 1 10 11 1 10 14 26 12 18 0 7 13 0 1 14 0 1 14 4 9 5 13 20 25,
33791058,1043,236,  8 1 9 13 1 10 18 19 16 18 0 6 16 2 1 16 0 1 20 4 8 7 17 16 21,
33872718,1643,172,  17 0 18 17 3 16 22 28 29 25 0 7 19 0 0 20 0 0 24 9 10 6 14 18 38,
33875435,1056,132,  9 1 8 11 3 11 14 15 15 16 0 5 10 0 0 12 0 0 15 7 12 3 12 10 22,
33878596,1179,197,  12 4 15 13 4 16 19 16 15 15 0 6 13 0 2 14 0 0 17 5 11 4 21 13 21,
33927165,865,173,  8 2 5 7 2 12 9 13 14 11 8 6 15 6 6 4 9 9 14 5 4 6 11 15 28,
33927592,905,224,  4 8 3 14 3 15 10 11 16 16 2 5 11 5 6 12 4 6 18 3 13 6 10 19 30,
33931531,816,193,  3 4 10 9 0 13 11 12 15 10 8 0 11 14 8 12 7 7 13 7 6 5 17 16 16,
33944905,805,233,  6 4 14 12 5 15 14 22 17 8 3 3 13 5 7 14 2 0 16 8 9 6 15 7 23,
33945193,945,218,  8 2 14 6 4 15 12 17 12 20 4 4 11 7 4 17 6 4 15 8 10 5 12 19 23,
33946424,852,187,  10 2 13 9 3 23 11 9 14 18 0 3 10 5 9 18 3 2 16 3 8 4 15 14 21,
33977772,752,208,  8 2 15 11 0 12 13 13 13 9 2 8 11 4 5 15 5 7 6 6 10 5 11 12 13,
33989883,965,168,  7 0 17 9 1 8 19 11 13 14 5 4 12 5 7 12 4 4 9 7 3 6 16 19 13,
33995254,909,196,  4 2 17 11 0 11 21 11 14 12 1 2 13 5 4 14 4 5 16 10 7 12 9 14 16,
34008445,1088,235,  7 2 10 13 6 17 22 17 13 25 2 1 11 1 7 16 4 0 19 5 9 9 11 13 21,
34013091,1442,275,  11 4 23 20 3 22 24 21 31 24 0 11 15 0 2 21 0 0 25 4 12 10 29 26 29,
34013373,1148,193,  9 5 15 11 2 19 21 15 21 12 0 5 11 1 0 15 0 0 15 6 12 6 27 13 19,
34031706,805,132,  3 2 15 9 2 6 14 10 16 7 12 6 10 7 6 7 7 7 11 3 7 4 13 8 15,
34057155,1312,295,  11 3 20 18 3 17 12 12 22 15 0 7 21 0 0 19 0 0 18 8 8 15 15 24 24,
34057159,1307,264,  10 3 21 20 3 19 15 15 17 13 0 6 20 0 0 15 0 0 19 8 8 15 16 23 21,
34061025,981,351,  7 4 14 13 2 19 35 12 19 15 0 6 19 0 2 19 0 0 15 11 15 10 14 26 25,
34061281,996,345,  6 3 16 11 3 26 27 19 23 17 0 5 19 0 7 13 1 1 23 8 13 7 21 15 26,
34061288,919,296,  6 2 12 10 3 24 27 14 18 17 0 5 15 0 7 12 1 1 23 6 12 6 19 16 24,
34062224,1071,316,  11 2 15 18 3 19 15 12 24 12 0 8 24 1 5 12 3 1 22 7 9 7 24 23 39,
34064309,1040,373,  8 2 23 11 4 21 28 14 26 17 5 8 25 12 3 24 7 9 19 15 16 6 24 22 26,
34065141,1096,426,  16 4 16 20 2 21 21 30 23 22 6 5 19 9 5 24 7 5 24 14 11 11 23 30 29,
34090143,1083,219,  6 3 13 9 0 27 18 18 20 12 1 8 14 6 7 18 5 4 17 5 6 5 16 19 31,
34090156,1115,224,  3 3 18 8 0 27 20 19 21 13 1 8 15 8 6 16 7 4 17 4 6 5 19 18 34,
34090229,1119,208,  6 2 15 12 0 17 20 15 20 13 1 8 14 7 3 14 5 2 13 3 10 3 11 20 25,
34092861,890,196,  12 6 12 13 3 11 17 6 11 17 1 3 11 12 5 12 6 6 10 9 8 5 11 15 14,
34111085,1019,319,  16 2 21 19 4 14 18 16 26 17 1 9 22 8 9 21 5 6 20 8 11 9 24 15 34,
34113406,874,181,  3 5 9 12 1 24 14 10 12 15 0 12 14 0 3 15 2 0 9 3 6 5 13 20 21,
34134840,920,160,  5 1 13 11 0 15 13 12 13 6 4 6 9 5 5 6 6 5 15 4 6 4 9 14 21,
34139619,612,150,  4 0 12 4 0 14 8 11 13 8 5 1 8 9 7 4 6 12 8 9 3 8 13 10 10,
34145509,1518,119,  8 1 17 6 4 23 20 19 24 14 0 2 13 0 0 14 0 0 15 5 6 8 15 16 31,
34145537,1460,154,  10 1 17 8 3 23 25 20 24 13 0 2 19 0 0 16 0 0 11 6 5 7 13 17 31,
34145544,1519,145,  11 1 16 5 3 24 25 24 26 12 0 2 16 0 0 18 0 0 12 6 6 7 14 18 30,
34145546,1506,160,  10 1 17 8 3 27 25 25 25 13 0 2 20 0 0 20 0 0 14 6 6 8 14 17 30,
34191585,1021,212,  6 0 14 14 3 10 16 10 19 26 2 4 13 2 8 14 8 6 13 5 8 5 12 23 19,
34193222,1328,289,  13 3 17 18 1 19 23 24 36 14 0 4 24 0 0 18 0 0 26 4 9 8 10 17 28,
34195405,950,232,  5 4 14 15 0 16 18 17 15 12 5 6 19 4 4 15 5 4 11 5 8 5 23 24 13,
34203154,1095,220,  4 2 19 9 3 19 16 16 21 14 2 3 8 6 2 14 2 5 18 5 9 7 16 19 18,
34217455,677,213,  10 0 12 13 2 7 14 12 16 8 7 5 12 6 5 12 1 14 6 6 3 10 11 11 20,
34217491,852,203,  8 0 16 17 3 14 18 9 12 11 6 6 10 6 4 8 2 10 7 7 4 10 10 10 16,
34217663,809,191,  6 2 22 11 2 13 9 10 10 10 5 5 14 6 3 10 9 11 10 1 6 7 9 9 13,
34217728,942,177,  6 2 17 12 1 14 10 10 10 13 7 5 18 8 4 13 7 10 4 3 7 5 8 12 12,
34228469,1240,189,  7 2 13 12 3 25 14 17 19 14 0 5 15 2 5 8 3 0 13 13 4 2 16 23 28,
34228477,1191,205,  7 2 14 13 5 21 10 20 15 14 0 5 16 2 5 8 3 0 15 14 7 2 15 25 27,
34235760,1033,212,  7 1 17 12 2 14 15 12 19 11 0 3 12 2 4 17 4 0 14 8 13 3 18 16 14,
34240125,940,210,  7 1 14 16 3 11 18 24 9 12 6 5 11 5 6 15 7 6 9 9 6 7 19 10 31,
34252126,1063,163,  9 2 8 11 1 10 15 16 13 12 6 5 12 3 9 11 14 5 17 5 7 8 8 10 21,
34270790,1456,179,  8 7 13 18 4 16 27 21 30 11 0 3 15 0 0 21 0 0 18 10 4 10 19 16 18,
34270802,1504,201,  10 7 13 16 5 18 28 26 31 13 0 4 15 0 0 22 0 0 24 10 7 10 25 17 16,
34283941,935,173,  2 3 18 13 0 15 7 22 17 9 6 6 14 5 6 13 3 1 11 6 7 3 8 15 14,
34287569,941,210,  11 3 14 6 3 14 13 15 14 10 3 4 15 4 2 14 7 10 18 6 10 4 14 16 26,
34327549,881,151,  4 1 8 11 3 7 9 9 16 13 2 3 16 5 6 16 8 4 13 4 4 5 14 10 23,
34333755,876,168,  3 0 10 10 5 10 10 16 10 13 4 10 18 8 7 8 4 7 18 7 7 2 16 15 23,
34333849,894,175,  10 0 20 7 4 14 17 10 12 9 5 6 11 10 11 10 7 14 19 8 8 3 10 13 26,
34368969,1328,236,  13 3 16 17 0 20 12 27 23 15 0 6 26 0 0 27 0 0 19 5 12 12 19 29 38,
34369243,1198,174,  8 3 9 12 0 25 13 22 19 13 0 2 23 0 0 18 0 0 13 7 8 8 22 19 24,
34385984,844,200,  11 0 8 16 3 9 19 9 13 11 3 8 13 0 8 9 0 2 17 6 9 5 18 12 20,
34387238,958,197,  7 2 5 13 4 16 18 6 17 16 4 6 17 9 5 15 6 8 19 11 7 3 15 9 16,
34390589,1365,151,  7 0 16 13 5 18 19 16 24 20 0 4 14 1 1 16 1 0 14 4 8 0 17 16 19,
34394805,858,165,  4 3 8 12 0 9 15 18 10 9 3 5 8 1 6 8 2 6 17 9 8 4 11 14 16,
34411055,895,166,  16 2 7 7 3 12 15 13 19 5 2 5 7 3 6 10 6 6 18 7 3 8 9 14 19,
34411076,1016,202,  17 2 12 12 4 11 20 12 21 3 2 6 14 3 5 14 7 6 18 7 6 8 15 18 18,
34418329,1052,182,  6 0 12 18 2 16 9 12 29 9 1 3 8 6 9 16 7 6 16 5 8 5 14 12 18,
34418836,1051,224,  5 2 21 14 2 12 19 12 20 13 1 11 14 4 2 11 2 2 14 13 11 10 22 14 20,
34418849,979,236,  8 2 18 15 2 15 19 13 22 15 2 10 11 4 2 10 2 4 9 12 12 10 24 11 22,
34418850,1118,199,  8 3 19 15 2 13 20 12 25 13 2 10 12 3 2 10 2 4 11 13 9 10 24 11 16,
34430947,1017,199,  7 3 13 17 5 10 16 11 12 8 6 7 11 8 8 17 6 11 15 7 9 4 15 10 18,
34458452,849,197,  6 0 11 12 2 19 11 14 9 5 2 5 14 4 4 10 6 3 13 3 16 6 13 15 15,
34462062,962,214,  5 4 13 11 2 11 17 15 22 9 6 5 10 14 10 8 9 9 13 3 7 8 6 12 29,
34464456,822,116,  7 2 7 10 2 7 10 13 8 10 5 2 11 4 2 14 4 5 7 6 3 5 5 9 16,
34500850,1073,213,  3 4 12 15 0 20 15 18 20 11 2 4 16 1 0 15 1 0 23 5 15 8 9 19 24,
34514745,824,194,  5 5 17 13 3 13 19 9 12 11 5 6 10 7 9 8 8 14 16 9 6 7 15 14 27,
34533625,1088,210,  7 0 21 12 2 13 13 14 20 16 1 4 20 3 4 9 3 3 15 3 7 9 15 15 26,
34573882,603,152,  2 6 10 8 0 6 11 11 9 8 8 3 5 2 9 6 7 9 6 5 6 2 17 7 14,
34573917,876,141,  3 6 13 12 1 8 12 10 6 13 6 5 4 3 8 13 7 6 9 5 8 2 16 11 15,
34584904,893,178,  4 5 13 19 3 13 20 11 12 12 3 3 13 2 4 12 1 5 15 1 9 4 11 14 23,
34584923,906,199,  2 6 18 17 3 15 21 11 13 12 3 2 13 4 2 12 3 4 14 3 9 3 15 18 20,
34611325,1002,129,  5 0 16 11 0 10 10 12 12 8 2 8 16 6 9 15 8 4 5 4 3 1 11 9 11,
34628977,1054,208,  6 0 13 7 2 10 16 16 18 16 1 4 8 5 9 19 9 6 14 9 10 7 12 17 24,
34635525,1422,290,  10 1 17 29 4 23 30 12 26 20 0 9 30 0 0 27 0 1 15 6 15 7 10 24 19,
34650509,986,213,  5 6 10 19 2 26 19 14 9 14 0 5 12 1 3 11 1 0 18 3 3 7 14 11 14,
34656280,939,198,  6 2 13 16 1 9 11 17 12 12 3 6 12 8 4 11 2 4 8 7 10 4 17 18 17,
34658247,1234,263,  8 3 11 18 0 21 22 22 21 13 0 4 22 0 7 14 2 0 24 12 3 8 22 15 26,
34684468,743,185,  8 2 9 6 1 10 12 16 15 7 7 4 10 7 4 14 9 14 8 6 6 7 10 10 11,
34698678,873,239,  5 3 7 11 3 9 15 20 29 16 0 6 11 1 1 13 0 0 19 2 8 6 10 16 21,
34698692,1011,250,  11 3 10 11 1 10 14 17 29 15 0 5 15 1 1 16 0 0 20 4 9 4 12 18 26,
34710654,1262,273,  13 1 23 21 3 16 19 23 33 18 0 2 15 0 0 9 0 0 13 11 11 7 14 17 23,
34718752,967,137,  1 0 11 12 3 5 13 9 14 15 2 3 17 7 4 8 7 7 14 5 7 6 14 16 7,
34736993,1451,283,  17 5 12 19 3 31 24 15 33 22 0 6 17 0 0 22 0 0 23 17 14 8 16 24 24,
34737517,809,237,  7 2 14 19 3 17 25 14 20 13 0 7 12 4 3 16 4 8 16 5 6 7 11 12 23,
34737558,944,203,  6 1 13 12 1 14 23 11 18 15 4 6 9 3 4 18 4 6 14 5 4 7 10 13 23,
34741796,1075,210,  6 1 20 14 2 17 16 17 19 22 1 2 19 4 4 11 5 6 15 8 9 6 15 12 23,
34742222,1111,212,  8 4 12 19 4 18 20 17 21 27 0 9 19 0 0 7 0 0 17 12 8 6 17 13 29,
34743195,1015,229,  8 2 14 10 3 12 28 27 16 13 0 5 20 2 2 21 0 0 27 9 7 9 16 14 17,
34810344,870,170,  6 1 9 14 3 17 16 9 19 13 0 0 15 2 1 10 0 0 16 6 6 8 20 7 12,
34833000,1085,129,  4 2 14 11 2 17 20 15 11 12 0 2 15 0 0 8 0 0 13 5 8 5 11 11 16,
34843970,881,205,  4 2 14 13 3 11 21 9 10 13 7 2 19 7 7 15 8 5 20 7 6 7 9 21 22,
34844003,857,198,  4 2 15 14 3 12 18 10 14 15 7 2 19 4 5 13 9 5 15 10 3 9 9 17 16,
34846220,886,199,  6 3 12 11 1 13 12 9 9 6 2 3 8 10 8 13 9 12 11 6 10 1 14 14 25,
34886821,900,148,  6 2 15 9 0 13 9 8 9 11 6 3 18 3 7 15 6 7 11 9 6 7 10 13 20,
34889365,1226,158,  10 1 8 18 0 16 20 17 24 15 0 4 16 0 0 15 0 0 8 3 12 5 13 26 16,
34889367,1210,180,  10 1 8 16 0 14 21 17 25 17 0 4 13 0 0 18 0 0 8 3 12 5 18 27 16,
34899946,890,176,  4 3 9 11 1 10 9 8 13 9 3 3 13 4 6 11 5 3 7 3 6 5 11 11 17,
34910601,1051,276,  3 2 15 18 3 22 15 15 24 23 0 5 13 3 4 12 3 0 17 6 14 8 24 25 27,
34928497,963,342,  9 4 16 16 5 19 11 19 22 17 7 6 23 7 3 18 9 2 17 9 19 11 19 20 30,
34956965,1398,228,  14 6 16 10 2 20 26 21 26 9 0 6 24 0 0 18 0 0 16 8 7 9 19 20 22,
34956996,1249,219,  11 6 13 18 1 18 23 16 25 9 0 6 20 0 0 13 0 0 14 7 6 12 16 23 20,
34959370,828,193,  8 0 12 6 3 13 18 7 15 9 6 3 6 5 11 11 15 6 18 7 6 7 10 6 19,
34974928,828,141,  13 3 11 13 0 15 10 11 12 20 3 9 9 5 11 9 5 3 11 4 8 5 15 12 23,
34985420,1127,176,  8 1 16 10 2 10 24 13 16 10 0 2 20 0 0 15 0 0 21 7 9 8 15 15 23,
35005975,1314,182,  6 1 16 17 3 19 20 16 25 15 0 6 9 1 1 11 0 0 19 6 9 5 18 21 17,
35028465,1068,228,  11 2 15 16 0 22 18 15 24 20 0 7 12 0 0 19 0 0 15 7 8 6 13 20 23,
35045456,912,181,  4 1 17 12 2 16 10 22 16 12 8 2 11 4 8 14 7 7 10 4 3 12 13 17 24,
35059033,1581,176,  10 1 14 19 1 24 18 22 25 18 0 10 17 0 0 19 0 0 23 5 7 6 13 13 23,
35064028,975,252,  5 1 11 11 1 23 27 15 15 14 0 6 10 0 0 19 0 0 22 11 8 3 15 13 23,
35076974,1055,151,  9 1 11 8 0 7 13 10 12 11 3 5 13 2 6 5 3 3 14 4 2 5 12 19 25,
35082591,1020,217,  3 1 14 12 0 15 20 17 26 17 0 11 13 1 0 12 2 0 17 2 6 10 15 23 27,
35086606,1033,183,  10 2 16 10 2 9 20 5 19 12 6 4 9 6 4 14 4 6 11 11 6 8 20 22 20,
35135121,1085,182,  7 1 12 12 2 14 9 10 19 14 6 5 11 8 5 11 10 6 9 9 3 2 15 13 33,
35158596,865,183,  5 2 9 10 4 16 10 14 12 7 0 5 10 9 3 13 4 4 7 1 5 4 7 12 18,
35175638,811,175,  7 1 10 9 2 8 16 13 10 7 4 4 12 3 6 6 8 5 7 2 5 5 11 15 14,
35204767,908,197,  3 3 16 11 1 11 9 18 17 7 6 5 14 9 6 16 7 7 8 7 4 7 19 8 16,
35204816,912,187,  4 3 10 11 3 11 17 17 16 9 11 5 13 10 4 8 6 5 10 8 7 6 14 14 18,
35207682,989,186,  4 4 14 7 1 12 19 16 8 6 3 6 15 4 4 11 2 4 22 7 8 8 10 12 20,
35217473,1379,239,  7 0 19 12 2 23 25 24 14 9 0 6 15 0 0 16 0 0 26 9 8 7 19 26 32,
35251850,939,198,  5 1 12 13 0 9 18 6 11 10 0 6 4 4 6 16 6 2 12 7 9 4 20 16 20,
35253294,1252,161,  13 1 8 16 0 29 21 18 14 11 0 2 25 0 0 19 0 0 15 7 10 4 20 9 19,
35267080,807,184,  4 2 14 9 3 12 11 10 13 8 4 2 9 5 5 10 7 7 5 6 7 1 11 6 25,
35300043,1184,173,  13 6 21 9 2 18 17 19 27 17 0 10 12 0 0 9 0 0 18 9 10 6 17 11 15,
35300083,1316,231,  15 5 18 15 3 23 28 24 30 21 0 11 18 0 0 17 0 0 20 8 12 3 14 18 24,
35306738,818,154,  6 3 11 9 2 8 17 7 9 11 2 3 9 8 4 7 4 11 11 8 8 6 6 15 17,
35341062,1476,184,  3 2 11 14 3 22 21 28 33 19 0 6 22 0 0 20 0 0 20 7 6 5 18 27 24,
35343103,997,111,  9 0 8 8 1 13 19 10 14 11 0 4 14 0 1 9 2 0 12 3 6 6 10 17 16,
35389996,1619,269,  5 2 23 19 4 28 27 25 34 24 0 6 18 0 0 28 0 0 21 12 12 11 22 28 29,
35390011,1544,289,  6 2 24 15 4 36 32 25 31 25 0 5 18 0 0 24 0 0 25 10 8 12 25 27 27,
35390014,1350,293,  5 2 22 13 4 31 31 23 26 25 0 5 19 0 0 23 0 0 26 10 6 12 22 23 22,
35390024,1559,300,  6 2 19 19 3 39 31 26 31 25 0 6 19 0 0 24 0 0 31 12 9 12 21 29 28,
35432247,1486,219,  12 4 16 16 3 24 21 16 28 18 0 6 20 0 0 22 0 0 27 6 7 9 16 20 22,
35432294,1466,222,  14 4 12 15 4 24 15 19 24 18 0 10 21 0 0 27 0 0 34 10 7 6 17 26 26,
35432303,1420,231,  14 4 11 15 5 23 14 23 25 21 0 11 19 0 0 27 0 0 36 9 6 5 17 20 27,
35448038,1038,211,  9 2 12 20 4 18 19 14 9 12 3 9 19 6 2 15 6 3 11 9 4 8 22 22 26,
35456426,1423,315,  10 5 17 20 5 22 15 31 38 27 0 7 22 0 0 28 0 0 29 5 16 12 25 29 20,
35464321,924,162,  7 3 11 13 3 18 5 15 12 11 5 6 6 4 5 9 6 8 12 9 6 6 11 13 14,
35464359,877,169,  7 3 9 13 1 18 10 15 12 16 2 5 5 5 3 11 7 3 13 11 5 4 10 17 14,
35475639,1644,203,  12 3 11 12 3 14 27 26 25 23 0 9 26 0 0 21 0 0 22 7 9 3 21 20 16,
35536904,1391,304,  13 6 9 10 6 29 23 17 29 21 0 4 18 0 0 28 0 0 23 10 17 8 25 35 25,
35536921,1469,285,  13 6 10 13 6 30 20 20 30 23 0 6 22 0 0 27 0 0 21 10 15 8 26 31 22,
35536925,1383,295,  14 6 9 14 5 29 20 22 27 23 0 6 19 0 0 28 0 0 21 9 20 8 26 31 20,
35536942,1409,299,  15 6 11 13 4 25 27 22 28 23 0 6 17 0 0 29 0 0 23 10 19 10 21 36 21,
35541329,911,177,  6 2 12 8 2 14 7 10 14 15 2 3 16 3 3 11 7 5 5 4 6 6 14 17 21,
35542995,1362,317,  10 1 8 19 3 21 16 32 46 22 0 3 23 0 0 35 0 0 18 6 15 3 27 15 29,
35543587,1376,269,  11 1 10 16 4 30 17 28 30 22 0 4 29 0 0 33 0 0 17 10 14 5 21 10 22,
35543588,1233,267,  12 1 9 14 4 24 16 28 26 18 0 4 28 0 0 26 0 0 16 10 12 5 17 11 21,
35559910,1042,162,  6 3 10 16 4 16 14 15 13 20 2 6 11 0 3 6 2 2 11 8 7 4 14 14 27,
35559929,1044,176,  7 4 13 18 6 15 14 14 10 20 2 7 13 0 3 10 2 1 9 8 6 4 17 19 30,
35578080,736,208,  4 3 9 16 5 12 15 5 11 7 8 3 7 10 9 6 8 10 6 5 6 6 15 16 19,
35598155,1048,219,  8 2 11 20 2 18 21 14 15 11 1 3 15 4 3 19 5 3 20 9 9 9 16 14 24,
35611820,890,195,  12 0 12 11 2 23 10 10 13 12 3 3 14 4 8 8 9 7 11 4 3 3 11 14 21,
35613426,865,184,  4 1 10 9 4 13 22 11 14 12 2 3 11 3 6 11 8 7 9 5 11 3 9 12 17,
35621124,843,178,  6 0 13 12 0 14 14 13 11 12 5 4 16 5 3 13 3 7 12 6 1 5 12 11 16,
35622729,912,134,  1 0 14 9 2 8 15 11 12 15 4 5 7 12 5 11 8 2 14 7 3 6 12 14 16,
35626846,984,228,  6 2 6 8 0 14 15 14 17 17 8 4 16 12 3 17 5 5 6 9 4 6 14 14 30,
35641623,1124,197,  7 3 8 11 1 24 19 20 27 10 0 4 19 0 0 24 0 0 15 8 6 4 16 15 28,
35642383,958,166,  5 6 16 5 0 12 9 9 11 13 7 3 13 7 5 8 6 9 18 3 6 6 19 15 20,
35657570,1010,203,  7 2 20 7 2 17 24 13 13 19 3 8 14 4 4 15 2 5 19 3 5 5 20 20 21,
35678010,1799,220,  15 0 9 26 4 30 18 27 29 15 0 5 20 0 0 27 0 0 17 7 8 7 25 28 19,
35678044,1794,218,  19 0 9 23 2 29 20 27 23 15 0 5 21 0 0 22 0 0 20 8 10 7 22 28 22,
35678049,1697,214,  15 0 8 23 2 31 22 28 22 11 0 5 20 0 0 19 0 0 24 8 10 6 19 28 23,
35678067,1752,240,  15 0 7 17 2 29 30 28 25 17 0 6 19 0 0 20 0 0 27 7 11 7 21 26 25,
35679911,888,207,  4 1 13 13 2 17 11 5 11 12 4 6 15 6 4 15 4 7 14 9 6 6 14 12 26,
35686206,932,205,  5 1 10 9 2 11 16 14 23 20 1 8 15 0 3 10 0 0 15 8 4 2 18 10 20,
35708656,1668,379,  11 4 19 27 6 28 42 31 46 20 0 10 32 0 0 21 0 0 30 9 15 6 31 28 28,
35742333,528,177,  0 0 9 9 2 5 7 12 11 8 7 2 9 11 7 12 9 8 8 4 3 4 14 5 13,
35750375,862,199,  3 3 9 9 0 10 13 11 15 14 9 4 14 7 9 10 11 5 11 8 5 3 13 15 20,
35750528,911,202,  3 3 13 14 2 11 11 11 19 19 0 1 16 4 6 9 2 1 12 9 5 5 13 15 17,
35750544,1079,198,  4 3 17 16 2 9 16 11 22 17 0 2 16 3 7 9 3 0 13 13 7 3 18 17 20,
35786319,982,171,  6 0 14 7 0 9 12 14 22 6 3 3 15 2 2 14 6 2 12 5 6 5 13 12 18,
35788201,772,156,  3 3 13 5 0 7 7 8 14 11 8 2 12 4 6 11 8 5 10 5 3 4 10 9 18,
35808218,933,198,  4 0 5 11 2 11 15 10 8 16 4 5 10 10 4 9 7 8 15 2 8 5 20 17 21,
35817899,743,170,  4 2 10 9 2 14 20 8 8 8 0 3 10 2 3 8 3 4 13 7 7 7 17 8 14,
35821456,824,158,  3 1 11 6 0 10 14 19 11 12 0 4 11 4 4 17 4 6 12 6 6 7 9 5 16,
35821618,920,235,  6 4 17 15 2 18 17 16 16 8 0 5 15 6 5 12 5 8 13 10 8 7 15 15 22,
35821660,1058,233,  6 4 19 13 1 19 19 16 12 10 0 3 13 6 5 14 4 7 16 6 10 3 16 11 24,
35843298,1696,218,  8 4 12 14 0 19 18 25 26 12 0 4 16 0 0 22 0 0 25 12 15 4 23 27 30,
35847216,980,206,  8 1 14 16 3 18 19 15 17 10 3 2 12 7 2 16 4 7 13 5 7 6 20 9 17,
35861430,1443,207,  13 3 18 16 2 17 19 29 22 18 0 7 17 0 4 19 0 0 12 7 7 5 16 17 29,
35867716,905,186,  3 0 11 8 4 15 13 11 13 7 7 5 8 8 7 10 4 6 12 5 8 7 14 7 22,
35882054,889,193,  1 0 15 6 0 11 17 14 8 8 6 5 8 8 6 12 6 6 15 6 10 7 19 10 19,
35884827,1049,174,  6 0 11 13 3 21 9 13 11 13 3 4 12 10 2 16 2 7 14 6 4 3 15 11 18,
35885576,1043,231,  7 2 27 19 3 17 9 14 23 18 2 4 12 1 2 15 2 0 15 5 11 4 12 15 27,
35896823,950,189,  10 4 14 13 2 15 16 9 17 11 1 4 9 2 4 11 6 5 13 5 6 5 15 15 17,
35900955,1237,191,  11 0 15 17 4 17 22 15 24 27 0 4 12 0 0 12 0 0 25 6 11 5 20 21 21,
35907610,881,198,  5 1 18 14 0 13 12 14 17 9 2 7 9 5 7 10 4 3 14 6 7 2 11 11 20,
35924875,1169,266,  10 6 15 14 5 26 12 21 21 16 0 6 15 0 3 21 0 0 18 8 10 10 23 18 23,
35924889,1184,260,  10 6 11 15 5 26 11 23 16 17 0 7 13 0 2 21 0 0 18 7 10 10 24 15 24,
35942783,953,182,  6 0 10 7 2 13 20 12 13 12 3 6 13 6 10 9 7 8 10 6 10 1 10 13 23,
35943736,1178,204,  9 3 15 15 2 16 11 19 24 20 0 4 16 0 3 18 2 0 16 6 17 11 16 17 20,
35943743,1227,214,  7 3 17 14 2 22 13 21 27 24 0 3 17 0 2 17 2 0 14 5 16 11 13 17 21,
35956543,1008,209,  9 0 19 15 1 11 10 15 20 13 3 6 18 3 5 15 5 4 12 7 3 4 12 11 23,
35963930,1012,173,  6 5 14 12 4 11 16 19 18 16 0 0 16 7 3 16 3 0 11 10 7 2 11 13 24,
35963933,981,189,  6 5 14 13 4 13 13 18 18 16 0 0 18 7 3 16 3 0 10 12 6 3 13 12 25,
35974227,1483,281,  10 1 17 22 3 18 23 22 24 19 0 10 21 0 0 22 0 0 27 13 9 10 24 27 20,
35980141,914,183,  4 2 9 8 4 14 20 11 15 10 3 4 7 2 3 16 5 4 7 2 7 3 12 13 22,
35999660,1203,186,  4 0 13 9 2 25 7 29 28 9 0 7 15 0 7 15 2 1 6 5 10 6 9 5 35,
35999701,1195,166,  4 0 12 7 1 18 12 25 27 11 0 7 13 0 5 15 2 0 8 3 8 6 10 7 26,
36008394,736,190,  8 2 15 4 2 12 7 21 12 12 7 4 14 6 10 13 5 5 8 2 3 6 17 13 22,
36010001,1009,197,  2 1 15 11 0 15 18 19 12 11 2 7 17 7 4 19 8 4 16 6 7 4 21 16 12,
36012221,1125,222,  2 3 16 10 6 9 16 8 13 24 0 5 19 3 5 13 4 0 15 8 16 6 14 21 17,
36028361,1205,225,  13 5 7 12 1 20 15 20 15 18 0 10 23 0 2 17 0 0 15 7 7 5 21 22 23,
36037726,869,178,  8 0 11 10 2 15 17 9 15 11 0 3 13 4 3 14 3 3 12 4 7 3 18 14 16,
36151704,1025,163,  10 0 11 14 0 17 23 11 27 20 0 6 14 0 3 12 0 0 13 7 13 5 22 14 11,
36155769,826,168,  7 3 12 11 1 11 9 15 11 10 0 7 16 2 4 10 4 4 15 6 7 4 8 9 18,
36159781,1091,196,  8 1 17 7 2 12 17 18 22 21 6 0 19 9 4 13 4 3 19 8 6 7 14 12 12,
36167125,841,168,  6 3 15 9 2 10 20 7 16 16 4 6 15 7 7 7 7 7 13 5 4 5 9 5 13,
36195888,1080,199,  4 2 23 16 4 18 18 21 16 17 1 6 15 0 0 18 0 0 17 6 6 5 13 14 12,
36195931,1119,223,  7 2 20 17 6 21 19 25 15 20 1 6 11 0 0 16 0 0 19 8 7 3 12 25 12,
36195949,1060,212,  8 2 17 15 4 15 13 21 17 16 1 6 14 0 0 12 0 0 15 7 8 4 16 23 16,
36195953,1078,216,  9 2 19 15 2 18 14 18 18 20 1 6 14 0 0 15 0 0 20 8 5 4 15 23 14,
36212940,1102,129,  4 4 9 20 3 12 13 22 19 11 1 6 5 1 4 8 0 1 18 5 7 5 11 14 15,
36212999,1118,152,  4 5 12 20 3 10 10 18 17 14 0 5 11 0 2 13 1 0 13 6 8 6 13 15 17,
36402028,980,205,  12 2 16 10 3 7 19 23 24 9 0 4 15 0 1 14 0 0 12 5 9 8 16 16 15,
36406131,1509,224,  9 2 12 18 2 16 23 14 30 20 0 8 19 0 1 18 0 0 13 8 14 12 26 18 26,
36406187,1530,272,  8 2 15 22 1 19 24 21 27 19 0 8 20 0 0 24 0 0 12 7 12 14 27 19 28,
36408202,649,198,  4 0 15 9 2 4 11 10 12 6 5 5 20 4 2 14 10 11 13 7 5 2 14 12 16,
36419660,1041,187,  9 5 11 23 4 22 12 10 9 12 3 8 9 6 7 12 3 4 12 4 5 6 17 14 22,
36419663,857,190,  8 5 10 20 4 20 8 11 8 11 2 7 7 6 7 10 3 5 13 3 5 6 12 11 22,
36419701,936,193,  8 4 10 24 3 22 15 17 7 16 2 7 9 9 5 14 5 4 11 4 6 6 10 8 24,
36433711,832,220,  6 3 16 13 2 15 18 18 12 20 2 5 12 1 4 10 2 2 13 4 6 5 7 15 17,
36433762,925,218,  3 3 11 14 4 14 18 17 16 15 0 7 12 2 4 8 1 2 16 5 10 3 7 18 22,
36444409,1115,191,  7 5 15 15 3 13 16 18 10 9 3 2 12 5 7 8 3 5 13 11 11 7 16 8 21,
36488326,861,172,  4 2 14 7 0 16 19 8 14 4 5 5 5 10 6 9 4 6 7 6 5 6 14 11 19,
36490864,869,151,  6 0 9 10 0 13 5 9 20 14 5 0 11 6 4 12 5 5 16 11 11 3 13 11 18,
36520186,1985,150,  12 2 14 22 7 29 14 32 34 13 0 5 16 0 0 24 0 0 28 11 13 6 18 22 28,
36551165,1472,194,  9 2 18 14 2 22 23 15 18 8 0 4 15 0 0 18 0 0 23 9 12 6 29 23 17,
36552452,1778,292,  18 3 24 28 2 26 29 42 32 18 0 9 29 0 0 26 0 0 26 16 19 11 33 36 20,
36552903,1745,200,  6 2 21 14 2 20 32 38 30 21 0 8 28 0 0 29 0 0 27 11 18 6 22 21 19,
36552960,1740,137,  8 3 15 18 2 20 29 35 25 16 0 8 28 0 0 26 0 0 24 8 13 1 13 26 19,
36552982,1687,183,  8 4 12 16 2 24 30 32 26 18 0 8 24 0 0 27 0 0 25 8 14 1 16 25 23,
36554187,1277,274,  17 2 21 19 3 25 33 16 24 13 0 4 24 0 1 18 0 0 27 5 6 5 19 21 23,
36554551,1311,222,  8 2 17 11 0 17 17 22 22 18 0 7 20 0 1 21 0 0 15 7 3 3 25 22 25,
36554872,1477,275,  7 4 14 24 3 25 15 27 30 24 0 5 21 0 0 20 0 0 24 8 11 5 23 29 34,
36558177,925,215,  5 2 11 15 5 13 11 25 21 12 2 8 19 1 0 10 3 3 18 7 10 5 11 25 13,
36589577,929,189,  12 2 10 11 1 14 16 13 14 12 2 3 14 4 3 12 9 3 12 7 3 3 15 15 28,
36590555,1108,168,  12 3 13 10 5 18 12 10 12 11 0 6 15 0 0 19 0 0 19 1 10 10 20 24 10,
36604743,788,184,  5 3 10 13 3 19 14 7 16 14 4 1 6 8 5 15 8 12 16 7 5 5 12 16 20,
36611868,878,167,  5 0 10 9 0 8 18 7 11 13 7 3 6 5 5 13 8 3 10 7 4 5 15 7 22,
36635111,1487,196,  12 2 11 15 3 24 25 22 20 12 0 4 21 0 0 12 0 0 19 4 11 8 16 24 21,
36646247,1436,176,  13 2 22 19 3 22 26 23 18 16 0 8 20 0 0 20 0 0 18 10 8 7 16 17 23,
36664656,956,174,  9 2 8 15 0 14 13 7 14 5 3 6 17 6 5 17 3 4 14 5 9 5 21 21 16,
36699332,873,189,  4 0 10 13 1 9 8 12 16 12 3 5 13 4 6 10 5 4 9 5 9 2 19 12 19,
36700224,1030,196,  10 3 6 11 3 14 24 17 11 9 0 4 15 0 2 17 2 0 10 10 8 12 16 11 25,
36711382,1203,135,  6 3 17 11 2 9 18 12 18 18 0 7 18 0 2 12 0 0 12 0 8 2 17 16 28,
36711389,1205,150,  7 4 19 11 2 10 17 15 20 20 0 7 18 1 2 16 0 0 12 1 10 3 15 16 25,
36724022,1521,317,  13 3 22 21 2 30 29 19 37 20 0 4 14 0 0 20 0 0 27 8 14 10 19 29 30,
36730317,850,154,  3 3 13 7 2 11 15 13 13 11 2 5 13 5 5 6 2 7 6 5 6 3 8 6 17,
36738681,939,179,  5 1 11 6 2 13 18 15 17 17 5 5 19 2 3 15 5 6 13 8 9 5 10 9 27,
36841598,1026,186,  7 2 15 11 4 6 17 11 14 13 5 6 14 2 9 11 7 3 23 6 12 6 11 18 21,
36841996,967,224,  6 0 15 17 1 12 13 16 18 10 1 5 7 8 7 12 4 1 19 9 10 3 14 10 27,
36842039,1070,221,  7 1 17 16 1 13 17 18 19 10 1 4 9 4 7 12 3 1 21 5 9 3 15 11 26,
36857490,939,158,  5 0 11 12 0 15 17 10 19 8 4 2 13 8 7 8 5 10 10 10 8 4 11 13 24,
36891663,1481,229,  11 6 16 20 5 17 27 29 31 22 0 5 26 0 0 18 0 0 22 8 14 5 13 17 32,
36891680,1390,246,  11 6 14 18 6 10 27 28 28 23 0 7 25 0 0 18 0 0 24 9 11 5 17 21 26,
36891696,1458,250,  9 7 15 15 6 17 26 31 23 18 0 7 19 0 0 15 0 0 23 8 11 5 20 21 21,
36891708,1557,232,  10 7 14 16 5 20 24 33 26 19 0 6 24 0 0 15 0 0 22 8 11 5 16 22 21,
36891732,1299,267,  13 7 16 18 6 20 25 30 29 18 0 5 19 0 0 21 0 0 27 7 9 6 19 24 22,
36891999,1636,138,  9 2 16 23 4 21 18 23 23 20 0 7 18 0 0 19 0 0 24 6 10 5 12 18 14,
36906125,971,178,  7 4 18 11 4 15 16 13 13 11 2 6 9 0 5 17 0 0 15 5 8 7 12 14 21,
36908704,1249,216,  11 4 15 13 4 18 16 13 26 15 0 5 12 0 0 12 0 0 21 9 13 10 24 10 19,
36916166,1231,209,  8 3 15 13 2 14 20 15 14 17 0 5 14 0 5 23 0 0 25 5 10 6 17 20 17,
36920492,1219,225,  10 2 17 14 4 16 18 25 23 12 0 5 21 0 0 21 0 0 22 7 9 8 11 16 21,
36940902,846,174,  6 6 10 11 0 12 9 14 12 11 6 4 9 7 10 18 4 9 14 6 6 4 19 14 18,
36941284,974,154,  7 4 10 13 2 7 23 12 11 6 1 3 4 7 5 6 5 4 8 11 10 7 12 14 18,
36992532,1050,189,  8 3 18 6 0 11 23 9 11 16 0 4 17 3 2 15 2 2 16 8 9 4 14 13 30,
37006571,810,148,  4 1 5 6 1 9 13 16 14 12 0 4 11 0 2 12 0 0 9 6 7 3 21 17 22,
37027026,1302,234,  11 4 27 10 3 13 27 20 23 19 0 4 20 0 1 20 0 0 25 16 12 14 17 16 15,
37027056,1314,224,  11 4 20 10 3 12 25 15 19 18 0 4 17 0 0 17 0 0 25 13 15 15 15 17 20,
37027076,1371,220,  10 3 15 13 2 13 25 13 22 15 0 4 17 0 0 15 0 0 29 17 14 15 13 18 23,
37027079,1275,220,  10 2 15 13 2 13 25 10 21 16 0 4 17 0 0 14 0 0 25 15 13 15 14 19 23,
37054289,1333,183,  14 0 20 16 2 12 24 19 17 17 0 3 12 0 0 17 0 0 22 12 11 4 28 21 21,
37060364,985,220,  10 3 19 11 4 25 23 16 13 7 2 4 19 6 4 12 2 4 19 6 9 8 11 13 20,
37081570,1280,204,  10 0 13 18 3 16 16 17 22 10 0 2 16 0 0 15 1 0 26 4 11 7 14 22 27,
37084053,1156,198,  8 0 20 18 3 14 13 14 31 9 0 5 18 1 2 17 0 0 19 9 11 6 12 27 22,
37084060,1317,189,  9 0 23 19 3 16 14 16 32 8 0 5 17 1 3 16 0 0 18 12 9 6 11 30 23,
37092177,765,173,  5 1 17 7 0 14 11 11 10 11 7 5 9 9 7 14 5 6 9 4 9 2 11 10 13,
37112227,1258,258,  6 3 16 14 4 21 18 18 15 17 0 2 15 2 1 10 2 2 23 9 15 7 18 23 21,
37119035,958,204,  5 2 16 18 0 9 11 18 16 11 6 5 8 2 5 13 6 8 12 9 5 2 20 14 20,
37123380,1183,245,  11 2 12 17 3 20 17 17 26 8 0 6 18 0 3 16 0 1 14 4 7 5 13 14 35,
37123391,1151,212,  12 2 10 19 1 20 19 17 20 10 0 6 16 0 4 12 0 1 14 3 10 3 12 14 34,
37123583,1024,208,  5 3 14 14 0 24 23 17 17 15 3 11 7 7 8 15 7 3 12 1 6 3 14 10 19,
37128877,1258,220,  11 5 19 18 2 19 14 19 20 16 0 2 18 0 0 17 0 0 22 6 17 8 12 23 26,
37173510,968,195,  5 8 20 8 2 12 18 14 20 17 3 4 14 1 6 9 4 8 12 7 6 2 8 16 24,
37181506,826,197,  4 0 17 13 4 5 15 9 9 13 0 1 8 2 2 16 3 1 12 3 4 6 18 16 24,
37191242,1298,146,  4 3 14 16 0 25 16 18 19 18 0 4 14 0 0 12 0 0 20 8 12 5 13 21 13,
37219985,1042,184,  8 0 11 17 3 15 15 13 11 10 0 2 12 5 3 10 0 4 10 11 9 9 14 14 20,
37220342,1036,195,  3 2 12 16 2 22 23 14 19 14 3 5 8 7 4 12 6 9 8 13 4 6 19 18 26,
37222057,790,192,  1 1 12 7 1 15 9 8 12 9 6 5 11 8 7 11 9 10 6 2 9 4 15 10 20,
37269340,889,194,  4 1 10 18 4 11 23 11 12 12 6 3 9 6 9 10 7 7 16 9 6 7 20 16 12,
37305613,1022,218,  6 0 11 13 1 14 19 19 26 16 1 5 14 4 5 17 5 4 11 9 11 2 17 26 16,
37311307,769,192,  3 1 6 18 2 18 9 15 12 6 0 3 12 1 1 20 0 0 16 10 7 2 14 10 22,
37325088,896,170,  6 0 9 7 3 18 13 13 9 9 0 7 19 0 3 8 0 0 14 6 13 9 16 11 9,
37328446,962,236,  4 2 11 14 2 17 17 12 13 21 0 4 9 4 4 14 7 1 15 7 4 5 19 17 34,
37328510,1020,238,  7 5 10 17 1 13 14 15 12 18 4 5 14 3 5 13 5 1 15 6 5 5 20 10 36,
37368746,1098,236,  8 3 10 18 0 20 27 26 13 15 2 4 18 4 5 14 8 5 19 6 7 6 14 15 24,
37370715,1052,210,  7 4 14 19 3 10 14 19 18 22 2 2 6 6 3 23 5 2 14 12 6 5 20 11 30,
37378669,1092,230,  6 2 13 20 2 19 11 14 18 16 5 2 15 2 6 19 5 6 9 8 5 6 28 19 23,
37393945,1043,167,  8 2 10 11 5 16 16 18 11 14 0 4 15 1 1 9 2 1 21 7 16 7 16 12 22,
37405922,827,177,  8 0 13 9 0 14 17 13 13 11 9 4 10 6 8 17 0 9 8 7 8 8 13 20 9,
37421607,707,158,  11 2 11 7 2 7 10 8 11 7 7 3 10 8 10 9 11 5 5 5 5 3 8 10 14,
37421613,773,163,  10 2 14 9 2 8 9 8 10 7 9 3 9 9 9 9 12 4 6 5 4 3 7 11 15,
37423689,906,235,  3 0 13 15 4 14 14 11 18 20 0 7 18 10 6 12 2 2 19 8 6 5 23 20 18,
37440236,994,169,  6 3 9 10 0 12 17 12 14 17 3 0 12 4 9 9 8 6 17 7 13 8 9 7 13,
37440242,972,175,  7 2 8 11 0 16 18 14 18 16 2 0 13 4 10 11 9 7 17 5 13 8 10 6 12,
37472851,1123,242,  14 2 15 12 5 16 27 14 25 19 2 2 17 4 8 11 2 3 16 7 8 10 22 16 19,
37473760,1061,193,  6 2 17 16 2 11 22 10 8 12 2 6 11 2 7 12 5 4 15 8 8 3 21 16 28,
37492853,966,228,  5 0 16 11 1 19 13 23 21 6 2 1 14 7 6 14 6 3 13 10 10 4 17 15 27,
37502319,1157,183,  5 0 17 11 4 20 13 10 13 16 0 6 19 0 1 11 1 0 17 13 8 7 15 19 25,
37502435,1019,194,  10 1 8 13 3 16 18 14 26 17 0 4 9 1 2 12 1 0 12 10 6 8 9 15 19,
37594501,773,172,  4 2 8 13 0 6 12 6 13 10 6 3 15 13 5 7 6 16 15 3 4 2 12 13 16,
37603122,1230,129,  11 5 10 12 0 19 18 13 15 16 0 3 12 0 2 14 0 0 17 5 6 6 14 10 13,
37620963,1416,174,  9 4 12 16 1 23 18 13 17 13 0 6 20 0 1 13 0 0 13 10 9 6 26 17 17,
37629496,1560,247,  9 2 16 19 5 21 20 31 28 21 0 4 23 0 0 21 0 0 30 7 8 10 19 18 29,
37634085,1210,245,  9 3 12 10 2 23 22 21 23 22 0 5 21 0 1 17 0 0 11 9 14 3 22 19 29,
37650995,789,151,  5 0 9 12 0 10 13 8 9 13 7 2 6 7 5 12 6 11 8 5 4 5 8 10 10,
37653854,1583,146,  16 2 13 16 1 16 16 23 27 14 0 3 18 0 0 20 0 0 17 11 10 7 22 16 18,
37677494,952,214,  9 1 14 19 1 19 17 11 20 13 2 6 8 5 6 15 2 0 18 5 6 8 13 25 25,
37678591,1487,135,  8 2 12 15 0 12 17 19 20 13 0 10 12 0 0 15 0 0 18 3 13 9 16 22 16,
37682961,896,168,  5 0 13 9 1 9 11 10 9 8 3 3 12 4 7 10 7 2 12 6 8 9 16 12 17,
37699163,822,185,  5 7 11 14 0 7 16 14 15 11 1 1 8 3 5 11 3 2 11 3 6 4 19 14 22,
37699834,1074,217,  14 4 12 14 3 13 10 13 22 22 0 4 14 0 0 9 0 0 21 7 11 8 17 14 24,
37699836,1154,213,  13 4 12 15 3 14 9 15 26 21 0 4 14 0 0 8 0 0 25 7 12 8 16 12 22,
37718665,787,149,  5 0 8 13 0 12 12 5 10 7 0 3 13 2 4 7 4 4 12 6 7 7 10 7 14,
37718674,766,146,  5 0 8 13 0 13 10 6 10 9 0 3 15 2 3 6 3 4 8 6 5 7 10 6 14,
37721568,932,192,  7 1 16 17 1 13 6 14 17 12 1 11 20 3 3 11 0 1 17 8 6 4 8 10 19,
37721628,1105,223,  13 0 19 23 0 24 8 15 25 15 0 11 19 0 0 11 0 0 20 8 8 9 13 11 16,
37727604,1318,249,  6 1 20 23 4 22 23 22 31 21 0 6 20 0 1 22 0 0 12 5 8 5 20 18 28,
37727616,1416,277,  7 0 16 21 4 21 24 27 35 24 0 6 21 0 1 18 0 0 16 8 9 6 25 16 32,
37766324,838,163,  2 0 13 9 1 7 14 8 10 15 12 7 8 9 4 9 7 5 11 3 4 0 17 15 21,
37779116,768,137,  6 7 14 8 2 10 6 4 8 7 3 0 4 4 10 6 6 6 10 6 3 3 12 12 15,
37779147,835,167,  8 7 19 12 2 15 6 9 6 10 2 0 12 5 5 10 5 7 12 6 5 4 19 13 19,
37792475,1136,169,  15 2 19 13 0 17 15 15 24 13 0 5 14 0 0 12 2 0 10 4 9 2 18 15 20,
37809621,728,194,  8 1 11 9 4 12 15 11 11 14 3 5 12 4 1 12 1 9 11 7 8 2 13 13 19,
37809625,778,198,  8 1 11 10 4 12 16 11 12 16 3 5 13 4 1 10 1 9 11 7 11 2 14 14 17,
37830456,1021,209,  6 1 18 17 5 20 16 15 12 15 0 3 13 1 0 13 2 1 16 8 8 8 18 13 27,
37834432,979,193,  5 3 12 9 3 14 15 12 19 17 3 3 14 5 6 13 4 5 20 7 12 5 16 21 17,
37835802,895,165,  9 3 6 9 3 11 6 12 16 12 3 6 13 4 4 12 3 2 13 6 6 4 12 13 12,
37835853,994,166,  7 2 16 8 2 16 11 13 15 10 3 6 8 3 3 13 2 3 12 8 6 6 8 10 12,
37841844,1098,243,  11 2 14 20 2 23 20 20 20 11 2 7 14 1 1 13 3 2 14 13 10 9 11 18 12,
37855450,1006,189,  8 3 14 12 1 11 16 17 11 12 5 4 7 5 3 8 2 11 15 4 4 7 9 18 17,
37859933,1057,233,  8 2 15 11 0 14 20 21 18 22 4 0 16 6 1 15 7 6 14 2 16 8 15 17 27,
37863517,907,163,  4 1 15 7 3 14 19 11 15 16 3 6 7 3 3 11 8 4 12 2 8 4 14 12 18,
37863523,836,185,  4 2 13 7 2 13 21 16 12 16 3 6 6 2 2 11 8 5 12 3 8 4 14 13 19,
37922935,899,213,  10 1 15 14 2 17 24 11 12 13 2 5 17 5 3 12 7 10 8 8 5 5 10 16 25,
37946675,854,102,  6 2 8 6 0 9 14 8 8 6 0 3 14 0 5 12 0 0 13 5 5 2 8 12 13,
37989957,1408,207,  9 3 10 17 1 18 20 19 19 8 0 6 25 0 0 15 0 0 23 11 8 6 16 23 20,
37990299,1355,99,  4 2 12 12 5 21 15 20 19 12 0 6 24 0 0 14 0 0 19 5 5 10 13 16 27,
38015167,1047,204,  3 1 17 13 1 22 14 9 20 8 3 4 11 3 4 12 0 1 20 6 11 5 8 12 27,
38017518,1243,243,  11 2 14 11 2 8 27 19 11 11 0 8 20 0 2 21 1 2 13 14 8 9 23 12 26,
38030250,1272,304,  10 3 16 16 3 16 20 22 27 21 3 7 19 0 4 17 2 2 22 5 13 10 21 12 43,
38033651,914,210,  4 2 11 14 2 16 18 11 19 17 5 3 9 13 7 10 3 7 15 5 3 7 15 10 19,
38049722,1659,236,  16 3 20 23 4 36 29 29 27 23 0 7 21 0 0 22 0 0 26 10 8 9 13 32 33,
38049761,1557,256,  17 2 17 20 4 37 37 36 27 18 0 5 19 0 0 16 0 0 18 13 11 10 23 32 22,
38049779,1514,286,  19 2 18 23 5 35 39 32 29 19 0 5 22 0 0 20 0 0 19 13 11 7 27 32 21,
38056004,844,174,  5 0 9 9 2 12 16 10 11 13 6 4 7 5 5 8 4 12 13 3 3 6 9 13 15,
38061762,1192,222,  14 3 11 20 2 22 24 24 13 15 0 4 23 0 3 18 0 0 17 10 12 2 13 28 15,
38148279,889,203,  10 4 20 6 1 22 23 11 14 14 2 3 8 3 8 15 6 2 16 5 7 6 17 19 23,
38148284,928,207,  11 4 20 8 1 23 24 13 13 12 2 2 8 4 8 17 6 2 15 7 7 6 16 19 22,
38189731,815,167,  8 0 14 9 0 7 7 13 6 9 2 4 8 5 6 23 4 1 14 7 7 4 13 10 18,
38225526,516,141,  1 2 8 9 1 12 5 7 13 9 7 3 11 10 6 4 11 7 5 3 4 1 7 2 8,
38230771,1296,237,  6 3 25 15 3 23 23 20 27 22 1 6 16 1 0 21 0 0 17 7 8 5 19 27 19,
38230780,1195,214,  3 3 25 19 3 22 23 17 22 19 1 6 17 1 0 22 0 0 18 7 5 5 22 25 22,
38232060,1249,210,  7 0 13 13 4 23 18 23 22 18 0 6 18 0 0 30 0 0 15 11 13 4 21 22 23,
38699792,1051,213,  7 3 14 11 3 9 15 17 17 7 0 5 19 7 4 17 4 8 9 6 10 5 20 27 18,
38700511,844,150,  4 1 9 7 2 8 11 11 5 11 2 6 9 6 7 10 5 4 11 3 10 2 9 16 16,
38701111,872,205,  4 0 12 17 3 9 13 14 13 14 3 6 15 3 5 14 6 3 18 8 5 4 14 9 21,
38706635,624,151,  2 3 12 10 3 6 14 7 11 11 5 2 7 4 2 5 2 2 8 4 2 5 17 9 20,
38763653,998,238,  5 3 20 11 2 10 13 17 19 9 3 5 10 3 7 17 4 6 20 7 8 12 17 16 33,
38763672,1026,229,  3 4 19 10 2 11 16 23 16 9 3 5 12 4 8 17 4 3 20 6 10 11 16 15 29,
38784169,1065,217,  5 2 12 12 3 8 18 13 19 14 1 2 15 3 4 16 6 1 14 5 12 7 11 17 23,
38812998,1404,208,  9 3 16 15 4 24 23 20 18 16 0 3 16 0 0 15 0 0 17 13 9 6 17 15 25,
38821489,922,161,  3 2 12 10 3 12 11 10 11 16 3 5 15 3 5 10 5 3 17 6 9 7 14 18 14,
38909525,1227,199,  9 3 21 8 3 22 22 16 22 12 0 3 13 0 1 12 1 0 19 6 13 11 17 16 24,
38909827,1088,210,  11 0 13 11 2 18 20 25 18 14 1 6 17 0 4 16 2 0 19 4 13 4 20 16 22,
38910867,1134,188,  3 2 15 18 2 12 18 14 17 8 0 4 18 0 3 9 0 0 22 5 11 3 15 12 36,
38913981,1364,179,  9 3 16 11 1 24 17 17 22 12 0 4 14 0 0 7 0 0 23 6 13 2 15 18 22,
38926565,771,207,  5 3 17 9 4 14 10 6 19 8 0 8 9 1 2 16 5 0 11 4 10 4 13 15 22,
38926617,947,189,  5 2 22 11 2 14 12 12 20 7 0 8 8 0 3 15 6 3 17 5 10 7 11 17 26,
38926620,862,201,  5 2 24 10 3 12 10 12 23 7 0 8 8 0 3 15 6 3 15 5 9 7 12 20 22,
38929083,1161,149,  9 3 14 17 2 15 14 21 15 21 0 3 11 0 5 15 0 0 13 6 15 1 11 15 20,
38961459,919,206,  8 2 14 13 2 14 13 11 9 19 6 4 11 7 5 5 3 10 14 4 10 2 8 15 23,
38966855,818,181,  5 1 14 7 2 14 21 12 12 17 3 2 7 6 2 8 7 5 5 4 9 2 15 11 20,
38967523,1055,209,  6 4 13 21 2 17 9 9 16 17 2 5 11 5 1 14 2 3 14 11 11 9 18 13 14,
38967535,963,221,  7 4 12 16 2 16 12 9 12 17 2 7 12 5 0 13 2 3 17 8 12 9 18 11 16,
38967645,1090,188,  5 3 14 11 3 12 18 17 30 8 0 9 17 0 0 8 0 0 9 4 11 10 17 17 16,
38967703,1111,202,  3 2 16 13 6 15 20 19 23 13 0 7 20 0 0 13 0 0 12 6 10 9 18 17 15,
38972619,1093,252,  6 1 18 20 1 19 23 18 14 20 0 7 7 1 3 13 0 0 24 7 10 11 19 14 31,
38972682,937,225,  4 1 18 17 2 16 15 13 19 17 0 7 9 0 1 9 2 0 21 6 6 8 22 15 25,
38972710,973,267,  4 1 21 15 1 17 19 7 23 16 0 6 15 0 4 12 2 0 19 8 8 9 24 20 22,
38972777,960,239,  7 1 16 11 2 18 15 12 23 15 0 6 15 2 9 14 2 0 18 6 8 11 21 15 22,
38974692,1737,226,  8 0 24 13 4 19 22 20 33 16 0 10 26 0 0 24 0 0 20 18 7 11 26 35 11,
38994491,1091,208,  9 3 23 19 4 20 12 16 20 16 0 2 14 2 4 20 2 0 14 5 7 5 14 11 19,
38996727,1165,248,  9 3 17 9 3 18 20 22 22 18 0 7 15 0 1 17 0 0 18 6 6 6 17 24 37,
38996844,1203,133,  7 2 16 12 1 20 25 11 12 9 0 8 16 0 0 15 0 0 19 6 9 4 22 13 19,
38996853,1174,129,  7 2 16 10 1 20 26 12 10 11 0 8 13 0 0 14 0 0 20 6 9 4 21 16 19,
38996854,1261,123,  7 2 16 13 2 24 25 13 12 11 0 8 15 0 0 14 0 0 19 4 8 4 21 16 19,
38996856,1209,126,  6 2 15 11 2 21 23 11 13 10 0 8 14 0 0 12 0 0 20 5 9 4 20 16 20,
38996859,1128,126,  7 2 14 10 2 16 21 10 8 10 0 8 14 0 0 11 0 0 19 5 9 4 19 14 19,
38996861,1164,122,  6 2 14 10 2 21 22 10 12 11 0 8 14 0 0 13 0 0 19 5 9 4 18 15 19,
39001122,938,217,  5 2 13 10 4 18 22 11 18 14 2 3 10 7 2 15 5 5 10 6 8 8 14 11 20,
39002510,1178,260,  9 5 20 20 5 26 17 16 21 10 0 3 21 0 0 19 0 0 14 14 9 5 17 17 36,
39002524,1334,233,  9 4 19 24 4 28 20 15 27 16 0 3 21 0 0 20 0 0 16 13 9 5 16 17 33,
39007822,1138,220,  9 2 21 10 0 13 13 21 20 13 0 6 14 0 2 16 0 0 22 8 12 8 19 18 21,
39009370,1445,212,  15 4 19 19 5 24 17 21 21 13 0 6 28 0 0 21 0 0 22 6 13 10 13 12 24,
39009371,1486,214,  15 4 20 21 5 21 14 21 22 14 0 6 27 0 0 19 0 0 26 7 16 10 12 13 23,
39009373,1488,207,  15 4 16 21 5 22 17 15 21 14 0 6 27 0 0 21 0 0 24 6 13 10 12 12 25,
39043879,1059,193,  7 3 14 15 3 15 22 16 27 14 0 3 17 0 0 9 1 1 13 7 11 5 10 27 27,
39054564,1009,198,  9 0 13 9 3 13 15 10 14 10 1 5 11 7 7 14 7 5 14 7 5 5 24 17 22,
39071730,945,175,  2 4 5 10 4 11 22 11 17 7 3 1 13 5 1 7 3 3 12 7 11 5 22 16 15,
39096763,1077,239,  0 0 12 16 5 16 14 19 18 15 0 5 14 0 0 18 1 0 25 9 11 7 20 19 25,
39106733,859,180,  3 1 12 11 0 6 14 13 10 13 5 2 10 8 5 8 5 11 5 5 4 3 18 17 15,
39108167,1613,178,  11 1 22 18 8 20 34 21 28 11 0 2 28 0 0 25 0 0 26 7 12 3 18 21 28,
39108171,1593,165,  8 1 20 18 7 16 33 18 32 12 0 2 28 0 0 23 0 0 24 6 9 3 16 21 26,
39108186,1547,184,  12 1 18 18 5 20 30 22 27 7 0 4 25 0 0 25 0 0 25 9 14 3 19 21 25,
39108194,1368,186,  9 1 17 17 4 19 31 17 27 8 0 3 23 0 0 20 0 0 23 10 13 3 18 19 25,
39108289,1373,131,  5 2 18 10 2 21 30 16 18 17 0 4 20 0 0 20 0 0 12 5 11 3 17 12 19,
39116575,632,139,  3 0 11 8 2 7 13 5 9 5 0 2 6 0 0 11 0 1 15 3 7 5 6 12 8,
39131171,1055,220,  8 0 7 12 3 16 15 22 14 13 4 2 11 6 6 11 6 8 17 3 4 5 25 10 22,
39131589,1133,211,  3 0 13 20 4 18 21 19 25 13 6 6 14 6 7 16 8 11 13 8 5 4 19 19 16,
39133133,1378,194,  6 1 20 10 4 15 23 21 20 10 0 5 20 0 2 13 0 0 19 6 9 5 25 15 31,
39134859,1249,196,  8 3 20 13 4 15 16 7 22 15 5 4 19 0 4 15 0 0 24 8 8 5 14 10 19,
39162069,678,182,  3 2 9 7 1 10 12 9 14 15 6 4 14 5 7 10 9 9 14 3 8 5 17 6 13,
39164982,926,196,  7 4 9 16 4 18 15 16 16 14 0 5 12 6 6 9 2 2 13 4 7 8 16 18 16,
39170662,1300,172,  11 0 7 18 5 20 22 18 19 13 0 3 13 0 4 20 2 1 18 4 12 9 19 22 31,
39172370,374,118,  6 2 7 3 3 10 5 7 10 10 0 2 8 3 4 6 3 5 3 3 2 6 5 5 9,
39247495,1440,173,  8 4 14 19 4 22 13 26 16 8 0 7 15 0 1 22 0 0 11 3 5 10 17 24 17,
39249217,979,231,  11 1 16 15 2 14 18 15 13 11 2 6 9 4 2 17 4 3 17 10 11 3 16 28 26,
39252155,860,169,  10 3 11 13 7 15 12 4 10 13 0 8 14 4 5 14 4 4 9 5 12 4 14 18 15,
39257625,768,172,  3 3 12 11 0 11 12 6 8 16 7 3 8 10 5 3 3 4 10 5 8 3 13 13 17,
39257659,812,190,  5 2 12 10 0 10 13 10 12 18 6 4 9 8 2 9 6 4 15 6 7 3 12 12 19,
39275010,903,145,  8 1 12 8 1 12 14 7 16 14 4 2 11 8 4 7 6 8 12 4 14 5 9 17 14,
39280465,1123,187,  3 2 9 9 2 25 24 14 18 15 0 7 18 0 0 14 0 0 11 6 8 6 14 15 21,
39280492,1202,208,  5 3 11 11 3 20 21 18 17 18 0 8 16 0 0 20 0 0 9 5 7 5 13 12 27,
39320214,966,160,  7 0 14 12 2 11 14 8 15 11 1 4 13 5 5 7 7 3 8 4 9 2 11 13 19,
39335934,1124,128,  5 1 9 10 2 13 16 13 22 12 0 4 19 0 0 10 0 0 15 6 12 7 10 14 18,
39349206,1121,192,  11 3 13 14 4 18 20 19 20 12 0 4 13 0 0 18 0 0 17 3 6 6 19 18 22,
39354298,722,195,  2 0 9 6 0 20 14 10 16 7 3 6 12 2 4 11 1 7 12 3 10 3 14 12 17,
39434541,1093,215,  9 2 15 14 3 19 17 14 24 22 0 6 12 0 1 15 0 0 10 4 11 6 19 16 25,
39453884,1463,285,  17 4 18 15 5 20 25 25 31 16 0 13 17 0 0 23 0 0 16 13 12 9 26 29 22,
39539154,1579,164,  11 4 15 11 2 21 14 29 32 8 0 5 13 0 0 22 0 0 18 8 17 4 19 13 18,
39539742,1665,174,  11 1 17 18 4 28 22 17 30 11 0 7 20 0 0 18 0 0 20 6 14 6 16 14 15,
39539762,1702,178,  12 1 18 19 3 26 22 18 30 12 0 8 19 0 0 19 0 0 18 7 13 7 19 15 15,
39552157,1545,234,  11 5 21 18 2 18 16 29 26 13 0 3 21 0 0 30 0 0 23 4 9 5 21 21 19,
39584263,732,165,  10 2 10 5 2 9 15 5 20 9 4 2 7 6 3 9 7 7 7 6 9 2 15 16 18,
39592552,885,183,  6 3 12 15 0 11 13 12 19 12 2 5 8 2 3 9 2 1 15 4 5 9 11 10 21,
