5340694 
5350601 
5350728 
5352099 
5353979 
5354469 
5354486 
5354510 
5357176 
5357223 
5358290 
5382770 
5407626 
5411179 
5803506 
5805793 
5848291 
5848334 
5850964 
5948534 
5948537 
5948576 
5951297 
5955992 
5955994 
5959380 
5959478 
5993972 
6066018 
6067920 
6098088 
6105074 
6106292 
6106590 
6107066 
6128434 
6128450 
6129459 
6133885 
6139233 
6140517 
6144102 
6145920 
6145934 
6146142 
6152318 
6193677 
6195501 
6201585 
6244073 
6244111 
6311691 
6311693 
6312071 
6345834 
6348235 
6350835 
7299904 
7300117 
7301052 
7303450 
7318731 
7318736 
7324859 
7333846 
7334597 
7349397 
7349465 
7349473 
7349487 
7349498 
7368646 
7369611 
7370380 
7371567 
7431998 
7465889 
7649573 
7664916 
7669302 
7671113 
7674884 
7675467 
7675472 
7693002 
7697843 
7697858 
7700775 
7704936 
7775788 
7775793 
7775803 
7775962 
7776042 
7803110 
7804475 
7804480 
7805037 
7805045 
7815290 
7882215 
7882257 
7884287 
7891276 
7891279 
7891281 
7891286 
7918574 
7921956 
7921964 
7922454 
7922455 
7922462 
7960888 
7961007 
7961688 
7961692 
7977472 
7978939 
8006697 
8006738 
8215398 
8348605 
8351892 
8352876 
8501084 
8501111 
8546425 
8549705 
8549770 
8635931 
8654853 
8658746 
8738619 
8750031 
8759357 
8760426 
8760443 
8763279 
8920012 
8924693 
8924709 
8924732 
8930703 
8930751 
8930753 
8931915 
8940275 
8992329 
9006858 
9006862 
9007967 
9008059 
9008435 
9009962 
9009970 
9082911 
9098347 
9098480 
9098667 
9098819 
9119884 
9120807 
9122718 
9123663 
9176226 
9176244 
9176259 
9176261 
9176572 
9187056 
9187305 
9206883 
9220424 
9223869 
9224526 
9224527 
9356618 
9356769 
9639775 
9639782 
9639835 
9639838 
9639846 
9639856 
9639863 
9639887 
9668156 
9668211 
9668214 
9669676 
9780326 
9780381 
9897820 
9952461 
9958921 
9960930 
9966895 
9967199 
9967211 
9967213 
9968407 
9968603 
9968628 
9968645 
9968802 
9968815 
9970345 
9973560 
9979071 
9979123 
9979158 
10009059 
10029426 
10038220 
10038969 
10039568 
10041951 
10042267 
10102422 
10102515 
10102540 
10102604 
10102605 
10107529 
10125918 
10131815 
10131831 
10132070 
10132103 
10132184 
10132228 
10144375 
10144422 
10153039 
10153054 
10162384 
10169502 
10169509 
10187492 
10190122 
10190129 
10190130 
10215466 
10282003 
10328273 
10335933 
10336217 
10347809 
10373045 
10373753 
10531141 
10531184 
10532375 
10532377 
10534546 
10582860 
10583487 
10584024 
10624383 
10624861 
10630658 
10659627 
10659974 
10660044 
10662189 
10663632 
10663652 
10666112 
10666114 
10667817 
10768766 
10770636 
10770646 
10772411 
10772484 
10774939 
10775358 
10775799 
10781872 
10783569 
10793684 
10974080 
10975036 
10975067 
10975069 
10975805 
10977540 
10986165 
10986209 
10986710 
10986713 
10986717 
11012675 
11012945 
11012951 
11012966 
11019266 
11027987 
11033975 
11034027 
11036169 
11039703 
11039708 
11043112 
11043193 
11043945 
11048197 
11048291 
11049223 
11100456 
11100997 
11124679 
11127800 
11127825 
11128613 
11130888 
11132000 
11132023 
11132039 
11132048 
11248028 
11248144 
11250039 
11391344 
11400318 
11520877 
11523830 
11523990 
11524058 
11524079 
11524107 
11524111 
11524137 
11524160 
11558520 
11558529 
11558541 
11558581 
11559166 
11700509 
11700562 
11700601 
11700615 
11708988 
11708989 
11709025 
11716123 
11716209 
11716359 
11716386 
11717240 
11717248 
11717250 
11717283 
11728802 
11729982 
11730022 
11730136 
11730182 
11737806 
11746454 
11792630 
11793111 
11796786 
11798411 
11799184 
11807919 
11808298 
11808313 
11808617 
11808619 
11808628 
11824212 
11824240 
11824641 
11832389 
11833907 
11852262 
11852284 
11852597 
11852610 
11852941 
12002549 
12002585 
12010084 
12010112 
12010131 
12272394 
12283270 
12285920 
12285921 
12286130 
12288255 
12288257 
12291899 
12453298 
12496212 
12496935 
12552922 
12552975 
12552976 
12611675 
12612166 
12612203 
12612211 
12824479 
12825379 
12826188 
12826939 
12867765 
12888575 
12901020 
13095908 
13095917 
13096120 
13099658 
13137192 
13137197 
13199790 
13199895 
13221451 
13228569 
13228594 
13267504 
13274950 
13275123 
13276537 
13277128 
13278332 
13280504 
13283089 
13298094 
13372990 
13373359 
13376160 
13376600 
13376711 
13377518 
13387265 
13388589 
13389391 
13432579 
13469544 
13594973 
13623240 
13757615 
13757954 
13757965 
13757966 
13757967 
13757977 
13758064 
13758066 
13758070 
13758136 
13888129 
13888488 
13890806 
13890816 
13897208 
13907539 
13907727 
13907770 
13932606 
13932720 
13932825 
13932828 
13947701 
13947764 
14134213 
14134217 
14134246 
14848294 
14848982 
14849033 
14850861 
14852986 
14853668 
14853734 
14853965 
14856295 
14859069 
14915148 
14998166 
14999750 
14999760 
15005134 
15084378 
15084854 
15085537 
15086514 
15086974 
15086983 
15168010 
15168018 
15168327 
15168334 
15169001 
15169013 
15186619 
15191796 
15191841 
15200011 
15200847 
15206591 
15206736 
15208685 
15210465 
15324224 
15485751 
15485768 
15575280 
15575341 
15921434 
15921453 
15921481 
15921516 
15921533 
15921545 
15922358 
15922361 
16033266 
16033277 
16033328 
16033352 
16073540 
16174840 
16174891 
16180587 
16181195 
16181481 
16181741 
16185448 
16186629 
16196894 
16219447 
16219738 
16314382 
16349448 
16514909 
16515500 
16672177 
16674194 
16674207 
16674223 
16676485 
16780889 
16879868 
16879872 
16879882 
16882010 
16882166 
16882170 
16925195 
16927960 
16930199 
16932054 
16933220 
17107548 
17113407 
17137249 
17146572 
17146600 
17146632 
17256599 
17291843 
17292620 
17313710 
17386142 
17386176 
17386616 
17392511 
17396197 
17396339 
17396350 
17396415 
17397276 
17397836 
17400888 
17400890 
17400895 
17400908 
17409381 
17463136 
17636934 
17756620 
17758772 
17924072 
17924108 
17924500 
17924614 
17930781 
17965981 
17988068 
17988148 
17988307 
17991133 
17994097 
17995721 
17995726 
17995748 
17995916 
17995918 
17995933 
17995956 
17996132 
17996897 
17998404 
17998678 
17998698 
17998714 
17998715 
17998794 
17998827 
18006158 
18006349 
18053584 
18053606 
18053633 
18054074 
18076792 
18076806 
18076815 
18077095 
18078907 
18079057 
18079354 
18079872 
18079952 
18079962 
18079974 
18080207 
18100588 
18102412 
18172519 
18261779 
18264927 
18274311 
18528157 
18530432 
18549542 
18549595 
18549636 
18550489 
18566445 
18568050 
18568053 
18569636 
18569659 
18569741 
18569753 
18569842 
18569898 
18569968 
18745164 
18756227 
18757318 
18759000 
18916998 
18917003 
18917028 
18917036 
18917765 
18917768 
18929276 
18936331 
18955692 
19050062 
19050509 
19063628 
19078442 
19079306 
19079330 
19079369 
19079443 
19079915 
19175331 
19176934 
19178866 
19178877 
19193184 
19193209 
19193256 
19193263 
19198496 
19198607 
19198611 
19198655 
19198702 
19199806 
19200148 
19200155 
19205503 
19205586 
19205894 
19205903 
19584886 
19584949 
19587993 
19589434 
19591131 
19591811 
19899930 
19928248 
19928255 
19929895 
19929915 
20119928 
20123310 
20123348 
20123829 
20125518 
20142167 
20147620 
20182623 
20185906 
20335582 
20335587 
20335612 
20338614 
20338650 
20338659 
20342831 
20342836 
20342848 
20344932 
20358895 
20360392 
20673864 
20673909 
21034418 
21038256 
21038270 
21038276 
21064429 
21089520 
21162959 
21163190 
21163251 
21163529 
21251756 
21255395 
21258495 
21268835 
21268843 
21269141 
21273874 
21299018 
21299043 
21302870 
21305044 
21390420 
21390853 
21390905 
21390912 
21393133 
21393217 
21466725 
21466751 
21468747 
21468859 
21472586 
21594414 
21600331 
21602734 
21622762 
21693633 
21693662 
21700284 
21700288 
21700379 
21709144 
21734505 
21771500 
21789159 
21789190 
21789203 
21837597 
21838270 
21847318 
21861079 
21861233 
21880611 
21882344 
21992399 
21992642 
21993108 
21993109 
21993125 
22039529 
22039550 
22039565 
22052661 
22052667 
22052671 
22052780 
22052783 
22061302 
22072611 
22081206 
22081317 
22081361 
22094482 
22156968 
22356050 
22370537 
22370611 
22370622 
22372739 
22379441 
22381013 
22382535 
22385254 
22385354 
22386628 
22387885 
22389496 
22389548 
22389637 
22389946 
22390684 
22390713 
22399016 
22399264 
22492405 
22494675 
22611385 
22611404 
22612262 
22612331 
22630248 
22630413 
22646304 
22646306 
22646390 
22647730 
22696360 
22699713 
22699756 
22701440 
22891931 
22892388 
22892556 
22919732 
22939461 
22939491 
22943429 
22946284 
22953235 
22953772 
22962898 
22964883 
22964919 
23001532 
23001535 
23058231 
23058480 
23058489 
23093700 
23100866 
23100872 
23104265 
23188343 
23348737 
23398618 
23410800 
23411223 
23411783 
23411791 
23420786 
23421078 
23421083 
23426468 
23429133 
23440032 
23441373 
23442290 
23444885 
23445700 
23446061 
23446181 
23446272 
23461892 
23466839 
23466845 
23501404 
23501409 
23509384 
23509877 
23520957 
23533461 
23538646 
23538950 
23548481 
23549942 
23564526 
23573053 
23573081 
23573107 
23651866 
23654385 
23655617 
23655654 
23657359 
23659466 
23660870 
23662413 
23662415 
23667711 
23670428 
23671389 
23675829 
23676590 
23685385 
23685591 
23685747 
23685800 
23697078 
23707747 
23707798 
23707981 
23707985 
23714800 
23714937 
23718354 
23719602 
23727198 
23727232 
23757853 
23770967 
23774355 
23775293 
23775405 
23793683 
23797240 
23797374 
23797380 
23801104 
23801465 
23801496 
23803443 
23804657 
23804667 
23809445 
23816346 
23846531 
23848458 
23848933 
23848982 
23849000 
23866232 
23883241 
23883242 
23886883 
23889898 
23892683 
23925026 
23926590 
23948922 
23948978 
23957497 
23975837 
23980126 
23981622 
23984471 
24029242 
24031282 
24040615 
24040681 
24162044 
24162181 
24166668 
24166735 
24203056 
24215541 
24215547 
24217613 
24219962 
24219983 
24219985 
24263090 
24274714 
24275563 
24276056 
24276941 
24297976 
24324347 
24348815 
24348816 
24382130 
24385130 
24484425 
24495021 
24498548 
24510294 
24510413 
24510769 
24535281 
24535316 
24535320 
24535331 
24535353 
24535366 
24535376 
24535410 
24535434 
24540518 
24562542 
24562803 
24581563 
24581578 
24591213 
24618858 
24620133 
24622438 
24622658 
24657805 
24668735 
24680672 
24682633 
24683251 
25194477 
25197250 
25198620 
25204140 
25293391 
25293400 
25293415 
25293431 
25434178 
25434188 
25434210 
25434395 
25447739 
25449474 
25449725 
25449781 
25450799 
25450832 
25452427 
25483457 
25483468 
25483469 
25484113 
25495345 
25495355 
25495969 
25506480 
25513942 
25515108 
25516153 
25516175 
25518487 
25518719 
25526408 
25526411 
25526413 
25527474 
25527479 
25532859 
25532874 
25532887 
25536079 
25536223 
25536744 
25536787 
25537256 
25540427 
25540446 
25540499 
25541516 
25541567 
25541573 
25541650 
25544272 
25544396 
25548962 
25549020 
25549041 
25568242 
25576067 
25582576 
25602871 
25607243 
25610029 
25610112 
25617161 
25617775 
25619249 
25620071 
25622860 
25643362 
25663467 
25663472 
25684166 
25688700 
25703350 
25760652 
25761901 
25770514 
25770574 
25770610 
25770619 
25770647 
25770650 
25770709 
25771510 
25902741 
25902745 
25904373 
25904376 
25916551 
25916745 
25931507 
25932218 
25945314 
25945370 
25945371 
25958268 
25958561 
25960026 
25970325 
25979769 
25983318 
25985385 
25985559 
25986866 
25989885 
25992547 
25993483 
25997480 
26007692 
26007766 
26010474 
26017288 
26017393 
26017801 
26018418 
26019566 
26021150 
26053953 
26055932 
26055994 
26056006 
26070847 
26072149 
26072176 
26078780 
26079611 
26086689 
26088060 
26088670 
26088678 
26090471 
26093223 
26094917 
26095197 
26100295 
26109959 
26120179 
26121051 
26121099 
26121119 
26121127 
26121133 
26121533 
26127561 
26148573 
26148574 
26150236 
26156102 
26157251 
26157372 
26157384 
26157403 
26194881 
26194888 
26194920 
26194921 
26201073 
26212134 
26212149 
26225722 
26226412 
26229190 
26229341 
26229855 
26232380 
26235059 
26248758 
26250293 
26250297 
26250300 
26261686 
26261694 
26261716 
26261717 
26261825 
26265959 
26266528 
26267679 
26268237 
26274181 
26290514 
26308647 
26313536 
26314157 
26314200 
26322055 
26329589 
26329929 
26336302 
26336341 
26336344 
26338197 
26339346 
26349642 
26352418 
26374195 
26375840 
26376421 
26378027 
26378474 
26383504 
26517440 
26517498 
26531261 
26531268 
26552350 
26554390 
26554659 
26556988 
26557046 
26560426 
26560448 
26560474 
26561455 
26572245 
26572822 
26574771 
26595792 
26599286 
26601199 
26601218 
26601240 
26602087 
26603553 
26603610 
26603795 
26611638 
26612833 
26661439 
26662738 
26664081 
26705470 
26706406 
26708182 
27006189 
27068660 
27069921 
27070211 
27070213 
27076454 
27128737 
27153026 
27156350 
27158116 
27160392 
27160411 
27162509 
27164301 
27164413 
27166693 
27169346 
27172791 
27172821 
27173041 
27173062 
27173092 
27188659 
27188978 
27191328 
27191461 
27203811 
27211118 
27211147 
27229292 
27248953 
27249659 
27261676 
27288617 
27290686 
27291953 
27296797 
27298134 
27317841 
27327025 
27327027 
27327093 
27327101 
27327969 
27329661 
27330577 
27331531 
27332861 
27332862 
27333577 
27334187 
27340425 
27342883 
27419962 
27420049 
27420083 
27420382 
27422602 
27423544 
27423742 
27428210 
27429278 
27429283 
27429809 
27443333 
27448390 
27449945 
27453040 
27453059 
27455488 
27458183 
27458185 
27458186 
27458236 
27458254 
27466785 
27466815 
27468369 
27472163 
27503232 
27503336 
27513164 
27513175 
27513277 
27513287 
27516369 
27563346 
27582478 
27600464 
27600514 
27600697 
27600722 
27600750 
27604312 
27605901 
27611642 
27615257 
27615986 
27616309 
27616324 
27619507 
27623883 
27649045 
27652514 
27657884 
27658140 
27658163 
27658292 
27660807 
27661928 
27667776 
27667794 
27668199 
27668403 
27673732 
27681910 
27684371 
27685256 
27686723 
27701440 
27733609 
27733610 
27746279 
27746894 
27746922 
27748945 
27764511 
27768109 
27768158 
27773681 
27775148 
27787007 
27793418 
27796365 
27799578 
27799991 
27801472 
27801477 
27801533 
27801541 
27810722 
27812020 
27814977 
30663684 
30663695 
30732800 
30733079 
30737885 
30739449 
30746606 
30751042 
30773862 
30802023 
30807407 
30812376 
30816402 
30835968 
30843343 
30848636 
30854718 
30854753 
30873639 
30880525 
30881725 
30881971 
30884755 
30914929 
30915050 
30938399 
30941867 
30949290 
30950514 
30955473 
30955477 
30955612 
30956254 
30956273 
30956357 
30956833 
30965992 
30976311 
30988565 
30990703 
31068622 
31072292 
31087096 
31093156 
31109520 
31110745 
31110746 
31118167 
31123458 
31127337 
31127413 
31127428 
31130427 
31136494 
31142893 
31144967 
31149017 
31149053 
31152246 
31153377 
31154066 
31155367 
31155470 
31158982 
31159637 
31159646 
31159695 
31159715 
31168949 
31169605 
31171279 
31181537 
31194940 
31194985 
31195561 
31196177 
31196317 
31200904 
31205104 
31205120 
31226128 
31230029 
31234307 
31255851 
31255893 
31262720 
31270409 
31282080 
31306901 
31306961 
31310982 
31311002 
31311016 
31320583 
31327548 
31355993 
31356557 
31358299 
31358327 
31362833 
31362858 
31365429 
31370811 
31371303 
31382529 
31382540 
31388060 
31390718 
31393509 
31396340 
31397997 
31402676 
31402732 
31449593 
31453098 
31473630 
31497456 
31497614 
31497637 
31498305 
31498309 
31498332 
31505009 
31508772 
31515124 
31515590 
31525577 
31529667 
31529670 
31530594 
31530758 
31533881 
31533882 
31533983 
31535105 
31540654 
31553757 
31560520 
31567602 
31567604 
31570983 
31589373 
31590357 
31591026 
31597763 
31604027 
31606672 
31606761 
31606784 
31607333 
31608133 
31608703 
31628421 
31632728 
31632735 
31632854 
31632962 
31632969 
31646076 
31646077 
31646079 
31651375 
31653297 
31653879 
31659450 
31661195 
31669387 
31669592 
31675007 
31675567 
31675642 
31676270 
31678295 
31678501 
31684174 
31707098 
31718841 
31749685 
31751767 
31751863 
31753041 
31753528 
31770852 
31771314 
31771363 
31776862 
31777051 
31777868 
31782130 
31782139 
31785672 
31787339 
31789426 
31791304 
31794228 
31803509 
31803520 
31809223 
31809690 
31809708 
31809709 
