27643909 
27739292 
27808390 
27918064 
28037348 
28103607 
28141519 
28421927 
28606359 
28662535 
29111442 
29301665 
29351173 
29373987 
29423079 
29449366 
29598785 
29613046 
29925371 
29925393 
29944386 
30009132 
30140085 
30140110 
30312867 
31171196 
31172467 
31196826 
31251737 
31341258 
31341259 
31716063 
31748949 
31815133 
32476579 
32636544 
32654246 
32865115 
33227036 
33788582 
33945193 
34031706 
34064309 
34065141 
34111085 
34195405 
34240125 
34287569 
34418329 
34430947 
34462062 
34514745 
34573917 
34584904 
34584923 
34628977 
34737517 
34737558 
34843970 
34844003 
34910601 
34928497 
34959370 
35045456 
35135121 
35158596 
35204767 
35204816 
35207682 
35541329 
35598155 
35611820 
35626846 
35657570 
35808218 
35896823 
36155769 
36159781 
36444409 
36730317 
36738681 
37123583 
37173510 
37269340 
37368746 
37370715 
37421607 
37421613 
37779147 
37855450 
37863517 
38030250 
38148279 
38699792 
38701111 
38763653 
38763672 
38926620 
38961459 
39001122 
39131171 
39162069 
39252155 
